0.017174498592275853
0.019848342444019042
0.021292827743078023
0.02238134187888132
0.02377602561616332
0.024919021460513
0.026043576726566143
0.027114170300380616
0.028378089936900414
0.02939972197528113
0.03047903582256338
0.03149798777689666
0.03291687227311447
0.03387190222285369
0.03503421867309757
0.03610597228329079
0.001145835933414871
0.0022359901206501845
0.003262502312072507
0.004356496619733995
0.006729131025548958
0.008026571713288924
0.009151606994395343
0.010159918615047767
0.011539921891950529
0.013149292361808465
0.014278127762086625
0.015650170789355954
0.01711213663660493
0.01835137549913566
0.019248283626174513
0.02028111601579826
0.0011234752321832853
0.0019763019768299916
0.0028309287779264836
0.0037684781794757177
0.00465922611333093
0.005601735670430638
0.006508164096026059
0.007415472549219149
0.010806098879260859
0.012308786003529068
0.01352526415228382
0.014525695525811705
0.015578888553945056
0.01654867896657239
0.017456107423528808
0.018405577198900958
0.0008524267321023127
0.0018134968712618799
0.00266424355067775
0.0036008329221204477
0.0044558597357613194
0.005345607638255534
0.006274916781390263
0.007215906290821292
0.00819341694555542
0.009184968040597763
0.010128237621531824
0.01126463325889901
0.012266464676332273
0.013156852598897525
0.014008279299638854
0.014802344201514175
0.0009732305205091274
0.0019015796335373064
0.0027589265199356727
0.003598872860652927
0.004327815720301012
0.0050328378297943704
0.0058783843461331226
0.006672809259298376
0.007447473552770631
0.008357422088756714
0.009142686714655388
0.010141638041769
0.01099238472118487
0.011843691418162897
0.012618995731706148
0.013451661844115434
0.0008631870695465227
0.0017232140399923157
0.0025982814821073064
0.003524950542449029
0.00444769947985571
0.00541104969051831
0.006406480907241274
0.007432113071065921
0.008363382275668158
0.009229249429262093
0.009998353548367256
0.010885701375595108
0.011762328866633226
0.01264495654583725
0.013541304655313946
0.014420452225381769
0.001012871763658496
0.001966701675764543
0.003013094490643242
0.003910002617682123
0.004852592177290699
0.0059439464021592
0.006853534926855337
0.00781532508859481
0.008794715802287606
0.009862389284528011
0.010989824640900786
0.011977695620534717
0.013023688422868995
0.014005919225626967
0.014949548817850988
0.01592585943495195
0.001004311495208493
0.0020122231033165294
0.0030672561891540995
0.0041102488974054385
0.005002796887710409
0.005948986560218528
0.00688377587521144
0.007837725791080802
0.008717833391255148
0.009633262099099427
0.010528770182232916
0.011350195942144758
0.012132940489013755
0.012934725632995886
0.01386623484512478
0.014782343574294532
0.0008203857272964243
0.0016140106153729183
0.0024088755423370134
0.0031814197693239565
0.004104048702967322
0.004926474494240135
0.005754820471169958
0.006564805872312118
0.00738703165731272
0.008256418921297332
0.009136606523980573
0.009989113258591753
0.010862740655546932
0.011769609094941208
0.012770080469723527
0.014055760788658334
0.0009197888445781621
0.0018982595294188553
0.0028732501051233206
0.003956244067814002
0.005006156993083322
0.006090230989643869
0.007087462262816618
0.008149015553127803
0.009227809384102337
0.010304563151100454
0.011431838502455466
0.01239458869430149
0.013531864359266343
0.014547696215753358
0.015449924509632645
0.01646447632597761
0.0009405494956321869
0.0018688986086603798
0.002789007463274068
0.003644354286950452
0.0046163447685719505
0.0054621312924373056
0.006394160520873909
0.007328029807014774
0.008289539959973141
0.009198608468361597
0.010028314487942364
0.010917382369111134
0.011902493262188757
0.01293268556901947
0.013821633446424925
0.014754782709985842
0.0009521098581651288
0.0019556213282848067
0.0028916906834197675
0.0037999991679738554
0.004803950651892375
0.005868624040049841
0.006788812897172425
0.007735522585988253
0.008734513914356312
0.009784346837116764
0.010708775827209915
0.011637044937729213
0.01251367242876733
0.01338585978056267
0.01441333200209155
0.015357641615641016
0.0009219089110634182
0.0019121399647092363
0.0029094512403908257
0.003984724960974684
0.005010677134834884
0.006046469617287165
0.007030460475240474
0.008034051947869048
0.00909224513280732
0.010060475496511512
0.011025025744807293
0.01197613557161148
0.013049689238254447
0.013909036187374768
0.01474058226465974
0.015792335247633293
0.0010570331485595386
0.002185388533784416
0.0032013003927803263
0.0042903345448913055
0.0054017293982338566
0.006456442474035928
0.007426632899207641
0.00834506170113486
0.009325172437407547
0.010415166619625105
0.011633524827338537
0.012716558791283639
0.01388291536822589
0.014944268652264892
0.016106665105017626
0.017149377804487886
0.001032592382097075
0.0021009458856629526
0.0029911738032104562
0.003993845246986927
0.00493079462971957
0.005878464348641976
0.0068408945304525015
0.007908288003911801
0.009018442818366779
0.009984513114331295
0.010935662942389901
0.011821450720694626
0.012684237777696783
0.013689509303011771
0.014567896849245199
0.015470405151905564
0.0009159887254064358
0.0017504948955199273
0.0027351257735442336
0.0036565546695543905
0.004667826383035367
0.005694298573203249
0.006701210149950287
0.007944249131652759
0.008990121930223749
0.010156638512183735
0.011118148665142102
0.012032777347897594
0.013084410327107832
0.01415496389966786
0.015191356400936717
0.016310271490113937
0.001267999764472616
0.002455997020066547
0.0034465880850023667
0.00452542191723132
0.0057791012326146585
0.006923537122124179
0.007882087182254083
0.008858077789319518
0.009748745720665863
0.010915902322696902
0.011958175008368321
0.012953006206274709
0.014158604013821963
0.015278319128087914
0.01640519446689853
0.017531989803200254
0.001081153904986476
0.0021678279830855685
0.003489829441051251
0.004638705469803495
0.005721859437511967
0.006948137893604378
0.008072533154639794
0.009236809666351153
0.010351244615031174
0.011735408022395644
0.012951166148570503
0.014303448556146792
0.01567045142535678
0.017119456866167393
0.018345335309715383
0.019557533324245147
0.0011830371000434714
0.0023706743443474565
0.0036940758462185586
0.0047836700158916945
0.005725179541630432
0.006689329777381847
0.007830245556500692
0.008915239581913315
0.009900390476245358
0.010955983579645057
0.01183769122999695
0.012944805949114513
0.013845514195325093
0.014706061182078567
0.015625250007840152
0.01646391630841537
0.000968790381266349
0.0018692986212047735
0.00275376635811303
0.0036818754636145368
0.004567383233138211
0.005555214211517667
0.006457802516686928
0.0072984688799840325
0.008164456037341283
0.009036883396663253
0.010081836166382141
0.010968623976047864
0.011834131118351854
0.01273855948122532
0.013651708117566552
0.014712781392824503
0.000989871042355872
0.0019523412254208172
0.0028742101352298155
0.003867321279195257
0.004845951969053686
0.00578138130411765
0.0067402113730286595
0.007737002632402568
0.008955320838861525
0.010003233701408876
0.011074067282749955
0.012172701735926383
0.013361139005319156
0.0144701337833954
0.015503486189326787
0.01646851645267583
0.001050152932795978
0.0022399502448396946
0.0032611422694215353
0.004250653300487461
0.005239964325281177
0.006193154217316255
0.007108302916379428
0.007993650680885311
0.00890719932977091
0.009829188243343223
0.010758457385223519
0.011734167983507904
0.01267063735118723
0.013646267946962665
0.014634578940395326
0.01560984952488087
0.0009124686150158157
0.0018525780968492445
0.0027874874156055274
0.003768518180730318
0.0048834331444636
0.005923745768667499
0.006954298086788158
0.008023851627987133
0.009015602729301686
0.010013994038853169
0.010989864642155345
0.01195245482898355
0.012969046709304877
0.014018199610739801
0.014969469442561723
0.015937819810029175
0.0009415895282475217
0.001920700233159267
0.0030443754716147353
0.0040608473481728025
0.0049825562529640655
0.005879904393801816
0.00677845257227272
0.007830725571554065
0.008700752855609672
0.009597180967595209
0.010464088153804618
0.011377796807708007
0.012362667693259
0.013367899217319623
0.014346889918467998
0.01523139765663073
0.000939229454235746
0.0019867023029842557
0.0029229716643914827
0.0038586010057276576
0.004763229374873279
0.005752380394649315
0.006946737849699125
0.00791568823598321
0.008898479056303366
0.009870229530398289
0.010744456946169989
0.011798530001901009
0.012631436121836925
0.013552144995267246
0.01443745275851871
0.015360961719759758
0.0009337492823775495
0.0017525749607507635
0.0025853210756690004
0.003411066971060306
0.004250253287943262
0.005114520391359623
0.00599774808938025
0.006885255921625921
0.007739962725231253
0.008626710533642501
0.009478537246928265
0.010418566726252743
0.011236672382046065
0.012066818415425673
0.012799201382955538
0.01358690608537505
0.000735623069139435
0.0016022502465676824
0.0024386764768942193
0.0031601791032166426
0.003892762077018719
0.004698307338918184
0.005675417981107933
0.0064548024226041
0.007308949208647331
0.008186536729791971
0.009048123749160863
0.00985446903614906
0.010812739087497913
0.011623524513728833
0.012498991968388218
0.013347578580064412
0.0007707041692828209
0.0017089735934119332
0.0025868011220833154
0.003399306602255181
0.004257773523777875
0.005176442333231779
0.006041829471772453
0.006936097516018314
0.007816285118701471
0.008638990918755418
0.00946349677525904
0.010346564468261876
0.011263673228792626
0.012112099835451029
0.013100930845191483
0.013888395540084253
0.0008775475198902205
0.0016168907056924864
0.002379794630359533
0.0031275380795940944
0.003899842299054379
0.0046351453581583435
0.005408489610234102
0.006164633322900848
0.007057141311951343
0.007913048153189939
0.008763234815043597
0.009616341568471354
0.010627293271916693
0.011681846342701085
0.012665917203163235
0.013718670217497841
0.0010489928964172446
0.002012703118369763
0.0030282949673301474
0.004043726811272852
0.005064038808257121
0.006058750002400193
0.00710206272068703
0.007981890312080298
0.008891598840539694
0.009808507594798122
0.01057553164867242
0.011457599310314315
0.012348067235388394
0.01333449816986243
0.014297448367980636
0.015240117930098052
0.0008855077695236746
0.0018140568888240782
0.002730045614230514
0.0036077131378841054
0.004474220311549093
0.005425970158424276
0.006419561317443034
0.0073290298383758
0.008284299795641603
0.009158767218940045
0.010002713685101305
0.011022985680831154
0.01192573399101815
0.012877083825349023
0.013788672412767156
0.014648899389485104
0.0009878709796339313
0.0017778157523019589
0.0025341594712409155
0.0033610254017565344
0.00422025234711354
0.005007237026953049
0.0058771843084998165
0.006604727124242538
0.007370471137974843
0.008112334402806787
0.00885387765760326
0.009717064727149727
0.01056913144796201
0.011361636300914246
0.012204262725678983
0.013056169441473586
0.0008325461086460262
0.0016417314846993714
0.002536679550270704
0.0033734657918872424
0.004180931113999753
0.005125880747620215
0.006042629496861074
0.007150904252357426
0.008157175809033412
0.00911704591055984
0.010183439352658197
0.011177510526730217
0.012217663145916435
0.01318961362628357
0.014164684204496902
0.015157595342190189
0.0011702766998773484
0.002158627694564541
0.003225021136662898
0.004231692705883305
0.005201043104711811
0.006288637211662951
0.007210786130252944
0.008167696138950853
0.00912764624298612
0.010038994822877512
0.010997704888025206
0.011915293663609217
0.012864323425182622
0.013872595044580605
0.015079712899796593
0.01622902894234768
0.0010425126931979944
0.0020487442486195606
0.0029878937003463557
0.003871561412165825
0.004749508944600467
0.005600695637815178
0.006402760790578332
0.007149824218487422
0.008137295185576932
0.00889771903246872
0.009656342822910724
0.0104622880973545
0.011411637868963376
0.012312626123955006
0.013263135931942616
0.014129963115643074
0.0008936680254292284
0.0017102536335539265
0.002507398632021096
0.003413907060125454
0.0042666538022633205
0.005109960248353529
0.005974747368077571
0.0069208570380768775
0.007838365811152048
0.008832316981460697
0.009638222254650053
0.010488688925284873
0.011369756555565824
0.012208742866176459
0.013246135398806258
0.0141176827305306
0.0008450265000310431
0.0016479716803918798
0.00241199564018324
0.003251861978391557
0.004050687029545252
0.004912034041387514
0.005823782633823327
0.006665049015937119
0.007518995795708139
0.00848994624471422
0.009306771860365548
0.010149438286384593
0.01094930337015354
0.011758968761260258
0.012574074322970641
0.013460262113819788
0.000906348423086567
0.0018284973416766714
0.0028267686474647835
0.0038176397211816537
0.004658386086987654
0.005481611903349282
0.006296317452515354
