0.016752525359195265
0.017905161505864825
0.019146760442407477
0.02014131163153277
0.021095661559946525
0.02178956332070574
0.022562267552710454
0.023559618829646498
0.024472047443407825
0.0253368345631319
0.02614089977861706
0.026909163871379007
0.027699348651573714
0.028697859964888498
0.029690291087528502
0.030515076952813237
0.0008469065589896893
0.0016646122022386592
0.0025317193947202096
0.003527470621478679
0.00421577220661639
0.005115360417702691
0.00601254855352263
0.008212377540159646
0.00911000568977842
0.010181079278646164
0.011149949662421395
0.012109419751403387
0.012860563307265302
0.013608546764026501
0.014223806058557976
0.014869546308972227
0.0006808613518119941
0.0013801232806660846
0.002051864346465905
0.003089336881604607
0.004491100840922371
0.005285965767886494
0.006141752605361719
0.007104022782154468
0.010752857209602118
0.01184177135794981
0.012916525062225986
0.014216205820214559
0.015033471449664701
0.015876457885719328
0.01663360162974714
0.017362624491904094
0.000706662160925367
0.00153080800613907
0.002198268937713882
0.002930011885172709
0.0036134333172688216
0.004259053563919757
0.00504027806312006
0.00573285978248278
0.006569606022844884
0.007414672524130375
0.008120934672511348
0.008771835084748283
0.009349773208887857
0.010018994195658007
0.010714616010358127
0.011553882329749895
0.0006856615023447254
0.0013584826020144186
0.0020682648607860538
0.002735325779816472
0.003391826367674919
0.0039764047000514224
0.004629465180028075
0.005238004263813753
0.0059547067396033965
0.006638848194279415
0.007322629637665487
0.007993650680885395
0.008636470839725588
0.00946357677776781
0.010131757731922528
0.010725976366618914
0.0006144192681882404
0.0012346787195246234
0.0019775820169720404
0.002765326720645958
0.003656754675826629
0.004387577594433367
0.005061758736753991
0.005826462717870837
0.0065810863828689725
0.007243867167674389
0.008073693191018472
0.008893958914551567
0.009642062375076088
0.010355444746747267
0.011168350239463526
0.011995696185032378
0.0008294260107997165
0.001633211217503816
0.002385874821034417
0.0031456186466007896
0.00394404368520998
0.004740508662351678
0.005534293555445935
0.006309717872752502
0.007255987547769488
0.008084773538498152
0.008847477456893044
0.009662543017349035
0.010417246684856024
0.011153509774066511
0.012014216765837776
0.012721678951851945
0.0007208226049968958
0.0014638459062076281
0.0022467904593488353
0.0030349751768215805
0.003810039482838229
0.004568503268262525
0.005318646792763476
0.006064550184293832
0.006898936350644008
0.007670120534980035
0.008371382526556087
0.009155607119839343
0.009871789579321277
0.010525210070587876
0.011135509209568878
0.011811210399558209
0.0007199825786536607
0.0014074041361936962
0.0022544707002011555
0.0029496925023568543
0.00361795345902044
0.004248093220203364
0.004902473741576513
0.005570654695731231
0.006241195723897863
0.00700645972257688
0.007682480922601709
0.008410543754652139
0.009095685240689155
0.009785826883531079
0.010486688862562737
0.011175190453972639
0.0008083853509646133
0.0015732093358447885
0.002345473554050681
0.0031405784885414345
0.003947363789328473
0.004709867701451154
0.00547249161733715
0.006290277263095001
0.007063741518934075
0.007838725822441828
0.008603549807321975
0.009329972587940383
0.010055115328416714
0.010970264027479942
0.011660965687884023
0.012301865786511101
0.0007355030653761196
0.0013958437736607265
0.002013503143458578
0.0026361626700613094
0.003283822980688661
0.003938883523387282
0.004604144385967929
0.0052196836892804965
0.0058022619589350455
0.006402920795596179
0.007060821427360003
0.007820845261707454
0.008524627332313184
0.009308691920578649
0.010066955699730762
0.01081793925057492
0.0007285028458492437
0.001470526115698978
0.002268351135491592
0.0031025372955695574
0.0038539608602125297
0.004637425429661418
0.005414249790873404
0.006154753013054459
0.006997299435310245
0.0077109618157625015
0.008446424879884201
0.00911260577131695
0.009723984944167818
0.010251161476423881
0.010970544036260965
0.011730127856809575
0.000743623320027309
0.0014883666751789315
0.002215309472105048
0.0029222516418114797
0.003687435637981601
0.004423018705866616
0.005140841216780573
0.0058998650197670255
0.0066243277389178845
0.007371471169335869
0.008133375062641945
0.00886627804647952
0.009620101686388854
0.010178599200870886
0.010740576824489173
0.0115854833207569
0.0007088622299195046
0.0015391282670624284
0.002353193796157421
0.0032776227862505447
0.004026446269354972
0.004743308750162378
0.005443490707868592
0.006154112992983463
0.006822533954664811
0.007559997081508452
0.008394103239077522
0.009146526835081492
0.009965992533525758
0.010823019409888612
0.011707007131743552
0.01249043169993802
0.0007719442081703387
0.0014567656841718568
0.002048504241093041
0.0026373227064400706
0.003498389709501337
0.004274734055660034
0.005127640802815581
0.005898344972098346
0.006687129708387696
0.007471234297907636
0.008318340863169515
0.008998762201182675
0.009648982592094124
0.01036152493742204
0.010939863074105993
0.011578443099975577
0.000567737804257562
0.0011487160237345084
0.001833217489700445
0.0025862811057754675
0.003384746145639106
0.00413664972533534
0.004884953192132058
0.0058159423879532435
0.006624607747698963
0.007455833814948409
0.008373102580496894
0.009145446801211654
0.009910230784837382
0.010643253772438244
0.011503880761700613
0.012378268182490104
0.0008455865175931998
0.0018110167934866639
0.0027105650033185658
0.003550151332745888
0.0043166553703125055
0.005110080252116844
0.006060670062613349
0.006885335924134761
0.007694041285134845
0.008476185813187265
0.009230529469404336
0.009986233168272352
0.010788498327307716
0.011654645489682702
0.012435749985119648
0.013251615570664399
0.0008356662064922249
0.0017012533513050543
0.002456077022575387
0.0034085868932849372
0.004271613957813669
0.005180242452403283
0.005950746615413838
0.006824974031185593
0.007891087464502844
0.008707873078899753
0.00971934479865283
0.0106604543118472
0.011699446894654575
0.012833162447974333
0.013816393282093276
0.014807424360827937
0.0008461865364097765
0.0016671322812683576
0.002446196712728943
0.003385146158183583
0.004155930329975188
0.00488543320718543
0.005645377039024013
0.006388240335216955
0.007091702395787158
0.007727162323810488
0.008404383561468498
0.009031563229822903
0.009661662989751407
0.010333604061823431
0.011012225343386806
0.011745168328478828
0.0008989081897607942
0.001593409969336601
0.002345753562831676
0.003097417135001279
0.0038087594426960414
0.004488580761892624
0.005129400858010891
0.005921665703436441
0.006607207202017851
0.007285068459746913
0.00801325129556063
0.008688912484295541
0.009366733740770183
0.0100496351565586
0.010845820124919192
0.011528241525654292
0.0006971818636232197
0.0013910436231280299
0.0020749450702773897
0.0027757270468001805
0.00345266827567714
0.00418349119428385
0.004933394711258143
0.005730979723524099
0.0065975268984435065
0.007444113447397649
0.008228938059497481
0.009040403507053929
0.009847788826657544
0.010640453684627516
0.01151096098373644
0.012302065792783257
0.00077902443020611
0.0015009270690728438
0.002254310695183337
0.002998294026500592
0.0036741952227621333
0.004408098237960678
0.005183762562793903
0.0060538698493584064
0.006749851675348473
0.007458713905267977
0.008153015678571573
0.008892358864373895
0.009616861584779202
0.010414686604571843
0.011261273153526041
0.011985615868913557
0.0006994219338718466
0.001475606275012753
0.002258990841952746
0.003028774982383353
0.003951603922298874
0.004712627788007295
0.005472611621100298
0.0062282753187138384
0.007008219777772051
0.007756443242059929
0.008540947844124236
0.009344213034520599
0.010139197965248037
0.010859500553937196
0.011572882925608374
0.012286105292261762
0.0006499003808759229
0.0014942868608359694
0.0022645510163198934
0.00304069535620638
0.003782358614766168
0.004469220154744047
0.0051460013786032155
0.005937706206466609
0.0066620889231086
0.007364630954826701
0.008136095147943778
0.008856797749177359
0.009561939862434032
0.010298842971715572
0.011163670092694089
0.011852851705429435
0.000645140231597674
0.0012886804130177731
0.0019226202933724235
0.0025896012098939325
0.0032903831864167232
0.004017165978325077
0.004741828703748174
0.0054911722031603105
0.006183673920014121
0.006944817789485858
0.007695681336566729
0.008483906055293922
0.009213808945048585
0.009962032409336408
0.010657014203965531
0.011366356448938353
0.0006837414421316246
0.0014477254006685647
0.0022015490405778992
0.002907091166378939
0.003695315885106132
0.004382537436373957
0.005097239849441659
0.005789381555005524
0.00647364301344483
0.007165504710227644
0.007922568451746603
0.008654351400459837
0.00931797221160846
0.009951792088199796
0.010533650335274425
0.011143109447912192
0.0006606607183201052
0.0012798801370411117
0.001872298715287768
0.002426156084254838
0.0029366120921552885
0.0035775121907823393
0.0042768541221452905
0.004975356027165034
0.005710299074979053
0.006329238484918953
0.006890696092229531
0.007506635408086493
0.008203297255402031
0.008895158952184845
0.009545899359404031
0.010302083073325308
0.0005713379171570776
0.0011677166195931954
0.0018342975235703385
0.0024641172747177364
0.0031593390768734353
0.0038736414773967165
0.004672666534822512
0.005361328131250176
0.006055109888246091
0.006678009422375508
0.007369071094069535
0.008015171355773731
0.008697392750236677
0.009403294887327662
0.010043314958357086
0.010691455284037699
0.0006170593509812194
0.001182997098788996
0.0017339343761820225
0.0022893117928178275
0.003003254182051107
0.003684115533863108
0.004331055821910568
0.004938914884370815
0.005545653911706694
0.006124592067207224
0.006877815688299982
0.007592278093840998
0.008299740279855139
0.009071684488025422
0.009815227805543891
0.010551730902281009
0.0007169424833163296
0.0014701261031546675
0.002124226615746738
0.0028267286462104746
0.003672195160040359
0.0042861744144298
0.004849392076935688
0.005498652437740614
0.006193114216061946
0.006866535334548285
0.007507355430666607
0.008231498139781968
0.008881878535711207
0.009547219400800722
0.010258521707241064
0.010956223587172076
0.000731942953731024
0.0014574457054973289
0.00226875114803593
0.0030003340904770637
0.0037398772825515403
0.0044644200042112114
0.005170202137538937
0.005846823356380315
0.006544765243837958
0.007267107896503533
0.00803321192152573
0.008683272307419387
0.009390854497196899
0.010071515842736689
0.010783298164230293
0.01148268009684772
0.0008829876904939971
0.0015465284991337258
0.00213826705605491
0.002765926739462521
0.003386306194562261
0.003984564955957004
0.004532502139267036
0.005188122699527842
0.0059443864159579585
0.006522164535079811
0.007135863780688201
0.007827045456145543
0.008564428580480343
0.009300291657146409
0.009891310191487701
0.010629773349692284
0.0006361799506032773
0.0012341987044715008
0.0019124199734904535
0.002663803536879006
0.003358545323981499
0.00405252708724968
0.004899153637458298
0.005632136623804795
0.006355519309085844
0.006976658788019896
0.007619918960658945
0.00828577984205614
0.008943800477583252
0.009774146517235072
0.010485448823675414
0.011237752415916069
0.0007357830741572258
0.0015546087525305508
0.002409795571189144
0.0033618654280997973
0.004171290811679773
0.00494103495085596
0.005702298824091012
0.0064887234863684196
0.00726938796800658
0.008110894357646892
0.008891598840539472
0.009662903028638814
0.01041540662715168
0.011217231772388203
0.01204353768534161
0.012873443711194588
0.0007854246309164647
0.0015835296594901571
0.0023329131601567132
0.003070736298290355
0.0037506376199958336
0.004408018235451894
0.00502751766295384
0.0056203762549993375
0.006233755490572146
0.006823613988534594
0.007435513177693198
0.008165816079992227
0.00887419829485847
0.009608621326364752
0.010430247092548806
0.011130709059036126
0.0006140192556438606
0.0012299185702463467
0.001870378655074556
0.0025334794499155544
0.0032865430659905215
0.004131289557240514
0.004901313705197752
0.0057035388629786965
0.006390920419264257
0.007101182693089125
0.007800404620688761
0.008386342995716167
0.009067204347528168
0.009666503141538274
0.010345324429373859
0.01108298756248971
0.0006733811172318083
0.001372043027269343
0.0020151031936360697
0.002540959684495636
0.003221141014982165
0.003862841138698059
0.004524341883361371
0.005208563340546313
0.005900225031056916
0.006566685931270744
0.007120343293965603
0.0077170020051827715
0.008313180701346679
0.00890435924070565
0.009473577091377416
0.010107236962951016
0.0007145024067954919
0.0013667228604288262
0.002042584055435892
0.0028726900875609696
0.003583832388983521
0.004336736000040697
0.005069438977606144
