0.018110887957446344
0.02079233204753301
0.022446703928635202
0.023547138438261426
0.02466477348729656
0.025780968491171882
0.026838281648512496
0.02787523416734349
0.028847824667781585
0.029838175725190746
0.031005012317186272
0.03207512587594748
0.033138759231489505
0.03412539017223581
0.03530210707407785
0.03653614577353147
0.001182957097534583
0.0022441503765558146
0.0032615422819659706
0.004337936037674156
0.0065622457920280555
0.007868246748218038
0.009166767469827863
0.010177439164492208
0.011191630969547221
0.012232863622603223
0.013584946023907335
0.014541336016297507
0.015499166053847477
0.016479316791374612
0.017389665339905103
0.01828853352841149
0.0008993082023052157
0.001843297805819183
0.0026723238040744918
0.003699756024348924
0.004605384424855571
0.005537053642002229
0.006339038792256543
0.007216226300856818
0.010453327816360353
0.011811810418374744
0.013172893101927707
0.014411051930588573
0.015397842876352638
0.016254509741425532
0.01717561862740019
0.018127048464239875
0.000856026845001856
0.00184101773431615
0.002879970315869118
0.0038196397839036222
0.004682786852195683
0.005565654538926337
0.006699930109808239
0.007657880151121538
0.008613750127203987
0.00955205955258756
0.010482088718302196
0.011526241462932268
0.012493391792766609
0.013467662345891154
0.014356210210752202
0.015234997769530051
0.0009269490691228149
0.0017344543924897454
0.002504078527902631
0.0033238242351280034
0.0041824511616684185
0.004988556441129971
0.005829102800663816
0.0067139305488619905
0.007528636098028008
0.008333981353655207
0.009167727499934358
0.010060435495257092
0.010873821003026612
0.011720087541945257
0.012461150781688468
0.013191733692768548
0.0008426264247646809
0.0016742525045585488
0.002593121320284608
0.0035152702388747126
0.004419618599239283
0.005293526004975541
0.006409120990034295
0.007407672304603513
0.008327821160471621
0.009272930799109874
0.010149678293911307
0.011222391934211068
0.012135620573061195
0.013016208188288803
0.013867634889030145
0.014801264167644324
0.0010342324335290976
0.0019803421035283486
0.0029138113771247642
0.0038637211662957693
0.004794150344554798
0.005833422936143279
0.0067632120943312835
0.007697521394270934
0.008647671190968542
0.009566179995404656
0.010640373682118676
0.01159652366698219
0.012575154356840618
0.013590626202037687
0.01452661555466378
0.015634770306396817
0.0009778706660240888
0.0020221034131630566
0.0030889768703146747
0.004166090648602738
0.005216083576380953
0.006196874333979113
0.00711998328267574
0.008099734007658482
0.009237049673877784
0.010162958710385167
0.011047866461092237
0.011983535803682832
0.012826602242246354
0.013746111078043438
0.014595897727352758
0.015491285806722932
0.0008667471811916183
0.001706093503092282
0.002548119909040386
0.0034488681565054136
0.004294374671589746
0.0051872026706757945
0.006097711224224034
0.006943417745580549
0.00787776704677462
0.008797355885080599
0.00966678315031963
0.010663614410947958
0.011562842610744306
0.012531032973194078
0.013471542467571818
0.014443732955465527
0.0009249890076552802
0.0019841822239545504
0.003120337853795091
0.004193811517929191
0.005255204803222613
0.0062925173333435724
0.007328749829594666
0.008310380613536061
0.009353453324296268
0.010430687106347675
0.011418198074691632
0.012485311539369881
0.013457902039807984
0.014447453072128358
0.01542896385230641
0.01640015430883912
0.001028032239091009
0.002130626816456954
0.003100337226575378
0.004037766624361283
0.004990236493816413
0.005898824987151552
0.006911816754573363
0.007822565315648233
0.008804556110879547
0.009660742960899193
0.010608292676058229
0.011532681664896904
0.012458110686350998
0.01344454162082509
0.0143468499172133
0.015262518632584265
0.0009809907638703153
0.001967981715906564
0.002897130854023544
0.003890482005515672
0.004909033947304575
0.00595310668942578
0.0068920161336259445
0.008077253302663567
0.00911568586790884
0.010095156584110532
0.011059266818607472
0.011908133439064661
0.01281028173043508
0.013843354127585472
0.014617458403495542
0.01542380369048374
0.0009265890578328273
0.002014783183600599
0.0031492187595002497
0.004325735655070051
0.0054094896415951
0.006594206794324986
0.007728202356425795
0.008800435981672294
0.009889870146327695
0.010873380989227743
0.011778089360882316
0.012890804255621446
0.013848314283135932
0.014609138142572198
0.015448964479526095
0.01673692486996392
0.001103474604963628
0.0021877886090508336
0.003271342589303672
0.004335895973697823
0.005705498924446384
0.0068062134428537036
0.007728882377751489
0.008654951419276635
0.009624461823122932
0.010712295937600758
0.011849971615110033
0.013055329415130656
0.01429248821243051
0.015449924509632784
0.016536118572678615
0.01754503021214765
0.0011692766685162947
0.002300712150332951
0.0032630223283801607
0.004129449499536253
0.005161401861562331
0.006261476359898599
0.007456673841291617
0.00844670488866528
0.009488457558029018
0.010479768645544674
0.011440678779686464
0.012420869518468047
0.013315617577767225
0.01418116472132569
0.014937348435246911
0.015732973386045346
0.00099575122675849
0.0018866991668858857
0.0028024078835112154
0.003701316073272065
0.00466554631153232
0.005807702129538739
0.006867735372181216
0.007922368445474393
0.009041603544687138
0.010097996673175624
0.01110718832142571
0.012054378025294799
0.013167812942613766
0.014454053279110701
0.01578801511215383
0.016946171431935997
0.001084514010359361
0.0021289467637705117
0.0032586221903918577
0.004452259622861721
0.00552297320043954
0.006603487085354964
0.007627559200256484
0.008784995497458759
0.009789747006466065
0.010930542781821595
0.012033897383021908
0.013141852128482734
0.01414824368892209
0.015273238968774083
0.016339112394564703
0.017449627220309627
0.0011397557427401117
0.0022909118429954023
0.0034345477074161357
0.004718387968646709
0.005975987406965089
0.007213906228099309
0.008409703728308904
0.009568660073179913
0.010938583033963944
0.012097099365036057
0.013195933824484696
0.014524135476888522
0.015845536916037684
0.017059374981999442
0.01823565187004267
0.019331406232899473
0.0011600763799952674
0.0022459504330055724
0.0032833429656354274
0.004371057076349938
0.005399769336766447
0.006414441156874728
0.007500715222429455
0.008573988880291317
0.009540019175001357
0.010629093328366812
0.011578003086176847
