0.017411506024828938
0.018295933760482726
0.019460890293519603
0.020500242887616954
0.02151311465127546
0.02298656085854852
0.02386630844743291
0.024826258551468174
0.025685205488044104
0.0263951477518335
0.027240494261900054
0.02811656173537603
0.028998989408307856
0.030010861140605374
0.03090968932785733
0.03173879532862151
0.000784224593283242
0.0017701355114496387
0.0027528863305153264
0.003619433505434734
0.004539542360048415
0.005396969248955649
0.0065164443556949975
0.007308989209901626
0.009403374889836544
0.010331644000355848
0.011333875430333491
0.012275624963598852
0.01327569632583677
0.014107842421938348
0.0148774265560968
0.015613649644052839
0.0007099022625349574
0.00147800635027915
0.002171948112292807
0.0030339351442061277
0.003918482883623238
0.0047529890537367295
0.0055272933359190105
0.0063950005472171514
0.009517938482550801
0.010571371518210797
0.011751768535461248
0.012604475276344639
0.013559065212285025
0.014265687371955958
0.014955829014797882
0.015613449637780628
0.0007773443775196814
0.001431284885093989
0.002087945477970171
0.0027912475335226394
0.0034541483220913716
0.004081848006753486
0.004752869049973393
0.00544245067525316
0.006125392092295998
0.006879015725933149
0.007617918897936629
0.00832254099488558
0.009000602258886811
0.009773026482110453
0.01049124900556879
0.011112948502065012
0.0005755380488732115
0.0012262784560923834
0.0018690986149325767
0.002512758800115991
0.0031391784446360427
0.003685595580277423
0.004209732017196086
0.0047606292933346644
0.00534932775491842
0.006106231491419589
0.006788652892154717
0.007372231193170237
0.007901607794420451
0.00852030719683372
0.009233889574777096
0.009907070685736735
0.0007947049219463459
0.0014683260467048265
0.002116546374894321
0.0028266086424470344
0.003551631379160064
0.004260453607825149
0.004901793720251069
0.005728979660802158
0.006356599342955391
0.006964178396634518
0.007653600016896522
0.008424024177398196
0.009075324602179524
0.009738265392002704
0.010611492776413475
0.011350475950925837
0.0007502235270098051
0.001536568186778317
0.0023108324677061504
0.0030410553674962842
0.0037398372812971065
0.004491940867265551
0.005150401516591505
0.005844223274841839
0.006605247140550288
0.00729790886242189
0.008058332709313734
0.008798155910169317
0.009627461917205718
0.010406726354938486
0.011217471779915014
0.011988215950452227
0.0008145855454027018
0.001599250152484799
0.0023661142013413627
0.0031543789213230033
0.0039969653448332365
0.0048113508839637276
0.005654777333817196
0.006479283190320845
0.007222106485259366
0.008107654256037461
0.008820396607637615
0.009527938796160651
0.010200319882031517
0.010984024459007036
0.011713767343743908
0.012503432107630885
0.0006768212251136163
0.0013651228102513346
0.0021143063046457355
0.0028098081155825405
0.0034420679432507484
0.00399220519555496
0.00464678572320032
0.005466691435443455
0.006129672226521082
0.006805813430309227
0.007586237904420756
0.008254898873628763
0.008871118198266775
0.009457176577057552
0.0101543584406808
0.010779978060112078
0.0006567005941306159
0.0013322017778477357
0.0020444641143946007
0.0027602465613321414
0.0035036298738328198
0.004374977199284952
0.005071159031547201
0.005764740782270905
0.00645532243891167
0.007181905224547813
0.007881247155910764
0.008669311869620194
0.009358613486118883
0.010035594716250262
0.010690735261457779
0.011312514760462855
0.000599298794010189
0.0012545993442354408
0.0020062629164050716
0.00264128283062956
0.0033200241159562494
0.003977964748974494
0.004663866258845822
0.005371328444859963
0.006092751068673463
0.006881495803708337
0.00753135618332984
0.008108654287398404
0.008753994525268288
0.00944421617061908
0.01018679945803097
0.0108605805878072
0.0008047452368106223
0.0014882466714156162
0.002184508506186761
0.0028799303146146704
0.003612993303470008
0.004344176233366692
0.005143521300827986
0.005777981197490345
0.0064685628541310825
0.007155104384073463
0.00784488601562544
0.008489346225897615
0.009156487147436915
0.009908750738423122
0.010560131165713305
0.011305514540935951
0.0007649439886434906
0.001494886879652546
0.0022415902962716894
0.002967133049292442
0.003818999763832598
0.0045843037637660344
0.0053718484611677275
0.006190314128251051
0.007028620417536269
0.007866606696785988
0.00875939469461759
0.009494417744940448
0.010212200254599957
0.010776937964774552
0.01141507797684535
0.012221663271360206
0.0008358662127644356
0.0016525318233979736
0.002488238031144646
0.0032030204467211887
0.003992165194300484
0.004755149121476426
0.0054971723913261605
0.0062519560613420455
0.006855054974523961
0.007599278313367874
0.008437584602653092
0.009227969389119989
0.01003739477270002
0.010918702410507547
0.011900133188176704
0.012738079466171975
0.0008422264122203149
0.0016218108599885817
0.0024210759249410074
0.0032235810915030028
0.004082568029333378
0.004939274895660706
0.005766660842484006
0.00662688781920201
0.007530116144442267
0.008464025431837552
0.009300051649619723
0.010038834817859887
0.010772337820514066
0.011523441375121568
0.01211305986555744
0.012738039464917694
0.0005952186660573844
0.0011543562006104957
0.0017796558100062199
0.0024289961733200416
0.0032537420373502934
0.004030886408597778
0.0049840763006328
0.005795581749443668
0.006610847316171842
0.007496515090713252
0.008340701564401032
0.009172127637922689
0.0101098370444897
0.010997944895551892
0.01198473584131593
0.012777760710575847
0.0008454665138298845
0.001745974753768309
0.0027056448490224705
0.003558231586142546
0.004393657785108196
0.005294326030064356
0.006087670909359744
0.00684701472238175
0.007606558541675912
0.008486986151885756
0.009325452446188764
0.010118077302904316
0.010975824201847062
0.011779689411060001
0.012592874912557284
0.01339722013682354
0.000916628745477488
0.0019697017698475094
0.0029872936815298345
0.004049086979367622
0.004893913473126454
0.005672057875734882
0.0065040839680731155
0.007451873690758837
0.00834506170113486
0.00929257141503953
0.010200119875759306
0.01111742864256221
0.012064938356466881
0.01306196962336742
0.014207325541729043
0.015052232037996771
0.0008331061262081274
0.0016718124280377666
0.0025503999805434052
0.0033747858332837666
0.004331255828182778
0.0051886827170899985
0.0060867108792531655
0.00700393964354723
0.0077552832056813625
0.008455665169659787
0.009254210212032266
