0.01994778556255524
0.023462375780104464
0.025883331701282153
0.027915395426800587
0.02986777665347586
0.03176131603487087
0.033655655441354654
0.035267465987733386
0.037320330365560275
0.03929119217178652
0.041087848514929436
0.04267461827602914
0.04432226994638552
0.04657118047221961
0.04827663395524084
0.05019181401528753
0.002156627631842545
0.003715316512325831
0.005776781159857178
0.008678872169431237
0.010598012353667419
0.012407869110775321
0.01421256570606054
0.015963660620397058
0.017674754280294233
0.01952309224417277
0.02157355654673329
0.02347521618277948
0.025539000903068307
0.02709936983623805
0.02894606774868458
0.03056043837534743
0.001472086164622119
0.0028566095832765204
0.0044612599051106205
0.00605142977283768
0.007574997551923229
0.009166807471082297
0.010752377194548815
0.0123667878224661
0.01656399944702265
0.019040757118143223
0.020989618234427812
0.022581428153586894
0.024351443661273217
0.025809129374297177
0.02760034554683634
0.029354800566545755
0.0016225708838229214
0.0031644992386961335
0.004713627819368432
0.006187434037931455
0.007768963634699616
0.009351733270355378
0.010838499895356735
0.012304065855505225
0.013803152866873891
0.015322920526787714
0.016821447520594224
0.018557501963261558
0.02011911093531893
0.021609357669456514
0.023224248312427087
0.02476421660583278
0.001342802110274155
0.002733285715840028
0.004136729727844263
0.005560974392156942
0.006951137987687289
0.008272179415546449
0.009676463453893891
0.011099308074301178
0.012358027547743844
0.01394139720221621
0.015578408538891725
0.017094616087160452
0.018639384531098868
0.020112070714537578
0.021657799188582544
0.02305972315291807
0.0016441715612201535
0.003242501684852822
0.004821991217644567
0.0064300016448515795
0.008417983987977856
0.0099537521496674
0.01148616020598403
0.01361518697226341
0.015582208658063479
0.0170190137162701
0.018529901097698365
0.020052068832878522
0.02170968081559027
0.02325340922691327
0.024805377896650715
0.02640278799143131
0.0017155738003943877
0.003462068570470378
0.005172842220332041
0.006841494549269078
0.008505226723910075
0.010287922629253654
0.012075098675094431
0.013909996217481402
0.01578225493151464
0.017678074384412656
0.019568213659180322
0.021281507388071663
0.022991361009081224
0.024875260088156326
0.02678315991989505
0.028554895481522236
0.001720453953435952
0.0034269874703270475
0.0053061664013783205
0.007017980083855402
0.008678032143087988
0.010576331673761263
0.012324106483979302
0.01426484734561273
0.01630963147004283
0.018185570299484533
0.020058389031079926
0.02162263808593029
0.023178086864803993
0.024866339808416293
0.026365506822293883
0.02780115184412174
0.0013906036093291885
0.0027270455201475197
0.004211372068628094
0.0057370999154533475
0.007086622236473328
0.008461585355316714
0.010232480890600693
0.011801570097238201
0.01326589601849909
0.01487010632653435
0.016477556736179177
0.01828497341676627
0.020446361197887064
0.022151494670872796
0.023934630590015216
0.025673285114221123
0.001729934250738141
0.0034127870250011405
0.005113080346199672
0.006919136984135876
0.008622790410707348
0.010269042037158338
0.012007456553837614
0.013655068222939548
0.015266198747992787
0.017063335106189015
0.018769628615553424
0.020452761398597474
0.022214496646614845
0.024009672943343496
0.025838050281256852
0.02769642855999971
0.001567929170258775
0.003092176970669769
0.004829671458496887
0.006340438836161866
0.007835845732122093
0.00954925946477675
0.011212511624364485
0.01273027922155634
0.014241486613020105
0.01602962268896746
0.01762715278751137
0.019189801792184158
0.020981857991066555
0.022815755502092527
0.024568650472878817
0.026303064864114156
0.0015020071029427373
0.0030953370697704985
0.0046800267656393335
0.006631087950918102
0.008534427639650732
0.010310523338011801
0.012053217988916065
0.014074521376990334
0.015762734319348215
0.017503508910039378
0.019024716615113013
0.020582885479288604
0.02203897114213499
0.02367738252271584
0.0253543151113218
0.027227333849189406
0.0015853697171943626
0.003300623507553224
0.005099679925962497
0.006846934719872855
0.008718153401290674
0.010577731717666627
0.012302065792783257
0.014236166446179754
0.01604626321081437
0.017919281948681975
0.019724258552748286
0.021675159733009264
0.023510777297976126
0.025131628127858185
0.026616114681356495
0.02842593143720995
0.0018233371798539455
0.003762637996327589
0.005682498203143704
0.007613598762457263
0.00946717689066734
0.011181630655937358
0.012794841246221544
0.014373290746397815
0.01602994269900304
0.01793468243164109
0.019987346803195694
0.02186120556740656
0.02380286645789209
0.02578020846733753
0.02798947775002225
0.02977749382220629
0.001990862433445817
0.0037581178545758043
0.0053758885878659735
0.006911736752064357
0.008538987782656715
0.010194599702646467
0.011920773835467302
0.013613506919576746
0.015254838391731695
0.01691425043089323
0.018444298413198057
0.01999678709924324
0.02142455187394654
0.022924998927966067
0.02427008110974327
0.025883651711317235
0.001636851331657696
0.0032392215819887493
0.004813310945431248
0.006488883491386321
0.008381902856473666
0.010192319631143754
0.011900213190685793
0.013738310833427803
0.015627050064290104
0.017581191346160763
0.019339726493822984
0.02131402840793095
0.0231278452892284
0.025077226421820753
0.02731181649856551
0.029418522564867766
0.0019525412316930835
0.0037322370429537788
0.0055947754521582516
0.007438273264249617
0.00937769408448652
0.011117508645071106
0.013073329979628179
0.015072912686541873
0.016711084059596204
0.018335855012413305
0.02029599648244984
0.02223701735286432
0.024074514976789807
0.026105618672201625
0.027972997233193242
0.029858776371227025
0.0019575013872434877
0.003925563105659058
0.006082190737501603
0.008081213426853195
0.01000723382685298
0.012149261000825251
0.014217805870392342
0.01619218778700926
0.01824057202433893
0.020425000528016768
0.02260458887990746
0.02491638137772012
0.027170532067885778
0.029321639526615595
0.03153894906144261
0.033618174265945044
0.0021077861001720377
0.004122209272482746
0.0063457190017478515
0.008239178380634038
0.010063675596866828
0.011938734398710849
0.014005239204301523
0.015970220826125203
0.017682834533691016
0.019483891014822285
0.021125062481959445
0.022730472827627857
0.02453992957219142
0.026526671876429986
0.02796283691456558
0.029642009573420114
0.0016831327830441056
0.0032393015844977002
0.004809670831277257
0.006426241526934273
0.007856806389448301
0.009359893526260876
0.010906942041702283
0.01237730815238347
0.013843314126330775
0.015358841653274058
0.01702745398095662
0.018650984894886036
0.020185833027723477
0.0218779660930164
0.023370692904929213
0.024860299618995718
0.0017027733989737337
0.0033655455435082082
0.0049351147651989224
0.006731171089525256
0.008418063990486613
0.010226600706198075
0.011793769852622482
0.013526584193680247
0.015297799738999807
0.01716101816952975
0.019247843612375637
0.02118422433727518
0.022913798576723376
0.02468325406684757
0.026473270201753607
0.02822644518132089
0.0016421314972437928
0.0033755458571180785
0.005111800306057623
0.00684877477757706
0.008634310771985843
0.01033472409694769
0.011973135477528651
0.013756471402943227
0.01537528216884887
0.016931330966539204
0.01866198523985718
0.02029647649750299
0.02179080335959338
0.02339869378303705
0.02499718391168748
0.02658487370163931
0.0016956531756835425
0.00324606179649789
0.004975836042218185
0.006645328397498429
0.008340581560637661
0.010100676757223037
0.011761168830254465
0.013467262333346719
0.01520543684249931
0.017035054219300183
0.018823710311555275
0.020642767357184177
0.022477184884517887
0.02416675786952671
0.02588789184428819
0.027791471540547508
0.0016343312526281295
0.0032537420373502934
0.005162641900450016
0.007059381382200192
0.008962961078459508
0.010742456883447882
0.012320666376097522
0.01407452137699039
0.015664051224646314
0.01743766684523218
0.019064757870806748
0.020589325681253268
0.022213296608981636
0.023791066087832435
0.025378995885310895
0.026947685079404038
0.00162445094278163
0.0033895862974262503
0.005163961941846651
0.006948297898622169
0.008573068851439158
0.010397766073944048
0.012167501572849293
0.01386775489279346
0.015591288942821357
0.017311582891239574
0.019170241178763536
0.020927696292555975
0.022685071403839352
0.024388564825392978
0.025912052601969604
0.02745518099447608
0.0015643290573592594
0.003073816394882245
0.004540502390155021
0.00612799217383464
0.007581797765177978
0.009105045534228084
0.010852580336919493
0.012365627786087519
0.013922796618902167
0.015443564310177127
0.01696561204159397
0.01845325869419301
0.019949025601443182
0.021328828872073657
0.02279855496268368
0.02417339807776364
0.001435445015555592
0.0028807303397033746
0.0043184554267621245
0.005713099162789614
0.007181145200713335
0.008855157697745142
0.010544130663937334
0.01212358019547466
0.01360194655704361
0.015173915854000741
0.016775966094296324
0.018502100225862517
0.02009771026419327
0.02182868454754683
0.02345749562706234
0.024920941520725437
0.0014374050770233904
0.0030360552106916128
0.004622384957992276
0.006239995686264654
0.007715761966295309
0.009414975253623892
0.011086627676643923
0.012522552707252776
0.013806312965974676
0.015047111877428687
0.016537958630382876
0.01834341524950256
0.019963066041751576
0.02123910605836654
0.02269631175633724
0.02419427873258173
0.0012831202386507368
0.0025362395364718626
0.003825399964542786
0.005284925735270951
0.006730611071963155
0.008015211357028207
0.009403014878546667
0.010761177470525629
0.012489991686139623
0.014227886186511052
0.01598770137431549
0.01758243138504878
0.019418928977613215
0.0211426630339131
0.023004681426809892
0.024633252498798663
0.0019752219429600704
0.0038523208087806182
0.005819942513397347
0.007515835696607409
0.009306491851584386
0.010943583190768935
0.012587154733172623
0.014101682228754742
0.01549932605886517
0.016894809821236034
0.018682865894674494
0.0202253142658555
0.02182320437568941
0.023324531457306508
0.024907781108015614
0.026570553252549978
0.001576289432436706
0.0031342182890856662
0.004891153386570313
0.0064114810640463205
0.0077527631266516295
0.009113885811459
0.010676654819895104
0.01214386083147545
0.01353858457001178
0.014946748730039872
0.016401594353998794
0.017842639545176064
0.019283364726317753
0.02080021229465756
0.022239697436911676
0.02366890225677487
0.0014349650005023307
0.002797287722942743
0.004087928197427981
0.0054494908960340815
0.0067105304422341305
0.008143695386286787
0.009360733552603584
0.010617612968342183
0.012053097985152306
0.013349898652821324
0.014640259118525512
0.01624486943910508
0.017753276742758173
0.019099478959659688
0.020556044637559223
0.021859925527264013
0.0014058840885251556
0.0026741638617788777
0.004010845780124006
0.005517293022309522
0.006878375705862361
0.008605189858754025
0.010137957926360741
0.011786929638113675
0.01359366629737524
0.01512199422573901
0.016728004590224055
0.01847409934775568
0.02021819404256542
0.022047571411839773
0.02392459027515126
0.02574028721540733
0.0016403714420483162
0.003408146879485985
0.005196602965468866
0.006819413856818279
0.008263619147096168
0.01010199679861934
0.011732847942111047
0.01333133807076159
0.014891587000168016
0.01642119496867389
0.018027405339431146
0.019637695838141234
0.021245826269111534
0.023124765192636287
0.024707654832055503
0.026473710215552337
0.0015458484778083648
0.003102897306859642
0.00471666791470593
0.006100071298235976
0.0075199558258147725
0.008863957973722192
0.010256441642009895
0.011523401373866982
0.012976486942630316
0.014326529279958145
0.015590848929022405
0.01694953153730916
0.01841129737828595
0.019836702078977364
0.021280547357965363
0.02295771995409801
0.0014234046379695275
0.00307225634595909
0.0046635862500647995
0.006028949067842904
0.007494715034263466
0.009228969420481015
0.010805738867970982
0.012337706910488855
0.013975318265980974
0.015514646539315669
0.01711957686993082
0.01878770918256012
0.020229674402589604
0.021637038537528852
0.023124765192636954
0.024513048729208675
0.001255239364306604
0.0028098881180915747
0.0041637705758454935
0.005388808993050276
0.006624167733900288
0.007957409544363525
0.009431655776725334
0.01110138813953232
0.012717918833935027
0.014161284097869764
0.015716972884270097
0.017208539659804067
0.018622183991690244
0.02016495237290683
0.021691200236039876
0.023158726257656026
0.0015334080876776568
0.003199420333821701
0.004850752119586632
0.0063537992551450095
0.007776523871789065
0.009270410720080502
0.010742656889720426
0.012377548159910656
0.01392675674309185
0.015493205866936366
0.016887529592928496
0.018364455909337662
0.020139911587627735
0.02156023612900526
0.023051922908302824
0.024704294726683118
0.0013684829156241918
0.0027106850070817146
0.004479220468353695
0.00612843218763337
0.007804964763694855
0.009926591297902965
0.011576363034744741
0.013281536508984892
0.014807784372117716
0.01622006866135295
0.017760076956012893
0.01943672953583775
0.020957297220840276
0.02275331354391219
0.024423845931807797
0.026018215931250976
0.0018548581683519583
0.0033512650956732948
0.004977676099922279
0.006875855626832239
0.008649391244909266
0.010696335437079041
0.01256431401688718
0.014140883458104936
0.015947940127402083
0.01752802967901057
0.01913596010370866
0.020916095928767975
0.02250882587677916
0.024473647493584938
0.026225302425483488
0.02806404008829655
0.0019293405041180822
0.00371027635426624
0.005581335030666157
0.007456553837527968
0.00916840752125947
0.010969984018698531
0.012764160284066017
0.014570376927020012
0.01635727296407974
0.018088367251196447
0.020229794406352086
0.022183255666897272
0.0243307230114731
0.026216942163305612
0.027956836726399148
0.029905257828884757
0.0015511286433942395
0.003111697582836248
0.004904913818097434
0.006594806813141618
0.009036323379101097
0.011415477989389577
0.013946237354003355
0.01597866109081192
0.01827381306677789
0.020512043257676638
0.022782154448363734
0.02484245905951643
0.027008967001205475
0.029035350548593408
0.031180137809121877
0.0332664832369145
0.0017743356431658697
0.0037114363906454173
0.00579034158511238
0.007589638011048505
0.009460416678667372
0.011391517237981041
0.013277496382287035
0.015302159875734134
0.017024333883111087
0.018994875679301915
0.020960657326214438
0.02304968283805464
0.025199310250370255
0.02711977047600289
0.02919467554502586
0.031267460547563575
0.0021779082992041676
0.004229212628107826
0.006198714391683069
0.008364502310792332
0.010295642871360311
0.012441310159486463
0.01469890095753379
0.01710765649610746
0.01925036369140498
0.02161887796801265
0.02366626217398138
0.025899372204311932
0.028255126080753534
0.03054563791120457
0.032885471288379264
0.0349771768842666
0.0023853148034722604
0.004563703117729689
0.007002259590860538
0.00922756937657554
0.01156992283277991
0.013922956623919625
0.01643295533747935
0.018690026119219105
0.021131582686433115
0.023487136556602506
0.025635403926267175
0.027934796035203657
0.02998074019601238
0.03215072824683762
0.034129230292661905
0.03611533257682953
0.00201490318736397
0.003959164159387907
0.006051869786636521
0.007860326499839143
0.009495737786336944
0.011222071924175347
0.013103410922966408
0.014940308528075263
0.016758125534816593
0.018436898181126926
0.020440841024774503
0.02241754301414889
0.024737295761595002
0.027169612039033453
0.03026066897457902
0.033763018808269596
0.003572112021433149
0.0067704523213849566
0.009911870836269543
0.01313997206952422
0.01597502097665804
0.019157160768561887
0.02224421757866346
0.02567688522712097
0.028581256308197966
0.03133066252957706
0.03432107630895298
0.03722368733483483
0.04026466269982221
0.043549525713126425
0.04623120981073958
0.04859636398197442
0.002674603875577608
0.005404889497334642
0.007514795663992047
0.009633342101608378
0.011811530409593596
0.014022239737438102
0.01636695326765447
0.01852494094214796
0.020888255055678373
0.023308010939222745
0.02531163377283474
0.027180892392784983
0.029162834546490934
0.03127330073071044
0.03305847671382933
0.03482157200449776
0.0014188044937089028
0.0028412891028262166
0.00441053831448146
0.005860223776617657
0.007525395996418549
0.009185488056905555
0.010936142957443273
0.012511032345974726
0.014250606899032903
0.016102384970793082
0.01768663465286302
0.01939204813462947
0.020989058216865697
0.022879357496651043
0.024574810666062596
0.026372587044329876
0.0018834190640215631
0.003692635801058497
0.0056947385870018685
0.007455273797385864
0.009237809697711707
0.011089667771980505
0.012934725632995026
0.01482698497424817
0.017025573921997772
0.018764908467529207
0.020696209033114865
0.02244282380695406
0.024488527960236706
0.02638142732156057
0.02815000278408686
0.029783294004099847
0.0017417746220518282
0.0035527514142836836
0.005220843725658231
0.006860255137600024
0.008805396137221866
0.010384765666250129
0.012190462292896331
0.013976718309884895
0.01567909169631454
0.017448547186438734
0.019339686492567232
0.021121822380348654
0.023107044636918594
0.024940022119092742
0.026740878593951578
0.028527854633520366
0.0019114199421297329
0.003746717497060903
0.005541053767446513
0.007287628540031399
0.008967241212685106
0.010609572716200777
0.0123649877660168
0.01397571827852584
0.015590608921496774
0.017303702644115848
0.01884255090239728
0.020564804912283297
0.02219069590022471
0.02398119205018423
0.025632483834694852
0.027266455076033314
0.0015796495378093134
0.003237861539337583
0.004729708323652382
0.006211634796866594
0.007907207970041519
0.009480057294596111
0.010875101043168023
0.012379748228903864
0.013912836306546161
0.015568728235317408
0.017076855530189228
0.018613623723239492
0.020325957422024032
0.0219257275908169
0.02368590278991123
0.025399436526329033
0.0016205708211010084
0.003133058252706711
0.004737828578303738
0.006377239990245531
0.008307980538269089
0.010084836260464858
0.012028497213672384
0.014063361027001342
0.016176307288996217
0.018517460707567324
0.020603926139123097
0.022785434551226835
0.024936982023755494
0.026948885117036525
0.02936324083123143
0.03182155792405572
0.0025843210443077247
0.005014917267805341
0.007531036173294314
0.009967832591229797
0.012226223414365744
0.014570336925765481
0.01685156846518643
0.01928112465606846
0.021905046942271245
0.024209079196722882
0.026721117974259023
0.02906479147186003
0.031376303960891416
0.03345544916288512
0.03572092020805728
0.0382319989554869
0.002267991124201618
0.004470380191123002
0.006948897917439023
0.009131126352122987
0.011542641977253076
0.013729630561215345
0.015834376566050246
0.017839719453602854
0.019842502260871697
0.021872925934958154
0.024092755548814626
0.0261683806404176
0.02805647985120885
0.030000500815706488
0.0323264137563366
0.03449544177705555
0.0022603108833494368
0.004266293790973208
0.006790212941077733
0.009134086444951173
