0.04296290731677345
0.04654561967063287
0.04854844247915614
0.05022969520324157
0.052004110848916214
0.054958803508078004
0.05673373917006037
0.05857303685043561
0.060649701974653906
0.06263084410327108
0.06430837671069364
0.06585626525247831
0.06740495381935177
0.06897592308494795
0.0704330887816642
0.07180437178509919
0.001487566650090144
0.0030058942648441417
0.004417458531499538
0.005993147945119556
0.0075420365182652105
0.009153847064643936
0.013286816674570906
0.015239397907518368
0.01709753617873455
0.01905463755343366
0.020820932944457124
0.022608268995315678
0.024165837840674664
0.025606803029342984
0.026983966217180563
0.02844173193271339
0.0015278079120561172
0.00300409420839437
0.0045278619937521025
0.005965827088337483
0.007500795224938239
0.009165087417141393
0.010816419202906186
0.012510272322140026
0.019854502637202703
0.021861805586223193
0.023657501899259553
0.02539991654138271
0.027061568650792844
0.02865941875937225
0.030216067575879135
0.0318349183430392
0.0014859265986581216
0.0029925338458614004
0.004523981872071509
0.0062151549072578804
0.007787644220522749
0.00948005729459675
0.011106788308881371
0.012585314675468223
0.014281367863696215
0.015719612967062674
0.01718105879800394
0.018783429048334993
0.020255755220483757
0.02170548068387429
0.023315971188856532
0.02460309155295115
0.0013439621466529161
0.00279144753979485
0.00417417090199948
0.005648897149414606
0.007122703367977629
0.008416183931528098
0.009738585402038202
0.01114618954450411
0.01264095642039334
0.014194605142817285
0.015707532588221967
0.017097976192533393
0.018526780999852166
0.019990786911077557
0.021391070823981062
0.02272347260810101
0.001393123688358866
0.0029834935623581083
0.004549902684948232
0.006041229452955682
0.007778203924475119
0.009317732204081969
0.010996424847883296
0.012748359788563063
0.01457045692952938
0.016231869031412854
0.017834559291779434
0.01934596668951541
0.020964257439113315
0.02245182408920346
0.02397171175288057
0.025612043193674577
0.0016361713103322795
0.0031980602911707567
0.004946715128986479
0.006611887348787315
0.00823785833923757
0.010062475559233619
0.011696206793045116
0.013693429425946924
0.015439364178460757
0.017111256609007364
0.018947394190281908
0.02051660340068273
0.022086852643698973
0.023993192426514542
0.02556228163315205
0.02722349372876337
0.0016645321997297846
0.0034117469923857224
0.005219443681753866
0.006815653738901251
0.008777115250334255
0.010405366312287556
0.011947494673432979
0.013679348984384165
0.015391202668115667
0.01701401355946519
0.018609823604068154
0.02022163415044692
0.021827684516186385
0.023223448287338244
0.024645532883911192
0.026186941222476667
0.0013522024050674486
0.0028346088933349223
0.004299334827140178
0.005867424002416688
0.007238426997070613
0.008556548333355674
0.00996143239051972
0.011459679375545151
0.012881163953301522
0.01425316697931639
0.015774534689407815
0.01718741899745968
0.018613703725748776
0.020131831334230577
0.021680319894831823
0.023206247747929343
0.0016414514759182652
0.0032125007440232944
0.00480059054651949
0.006422481409016967
0.00818813677996938
0.010212560265889903
0.011984095821244933
0.013567625480735035
0.015356521580516758
0.01689308976729509
0.018655905049182353
0.020178152786871406
0.021901366826863722
0.023582859558475833
0.025357555212931593
0.027056528492733656
0.001647531666593094
0.003323344220074742
0.004894113479398721
0.006485643389776696
0.008057532684224988
0.009707184417303338
0.011236192366992637
0.012806681617535565
0.014318129016526016
0.015911298978335986
0.01741890625690029
0.019099718967186874
0.020583405495596396
0.022113373475392273
0.0238431877223671
0.025442557878615213
0.0015964500646740154
0.0034727089041511894
0.005060358692848543
0.006624047730136751
0.008470905647601057
0.010240361137725196
0.011985415862641347
0.013793352559536176
0.015412003320424028
0.01697401230502582
0.018412137404628992
0.019863702925723703
0.0212874275737287
0.022883197617077244
0.02425244055653586
0.025702566032470786
0.0015862497447919344
0.003304263621707104
0.005022517506148905
0.006669569157688682
0.0083971833356693
0.010005593775420762
0.011760248801402362
0.013568945522131504
0.015231197650358297
0.016999573106612598
0.018909953016126524
0.020584925543264965
0.022183575676933187
0.023673342396017483
0.025124787913348934
0.02682456121823984
0.0018023365212732623
0.0035887125420253074
0.00562805649585163
0.007483714689292542
0.009224849291273762
0.011156829878184893
0.012759280131024786
0.01458557740370725
0.016269230203059037
0.018174129940714767
0.020188433109262105
0.02205813174301119
0.024067794766043593
0.025870531299861277
0.02778019118679531
0.02970837165453477
0.0016517317983092417
0.0034077068656873655
0.004974355995804092
0.006532164848689792
0.008403943547669823
0.00999735351700648
0.011643765148475205
0.013394740059048393
0.015019831021900965
0.016900209990585502
0.018504860312419602
0.02001230758596606
0.02162039801568194
0.02298124069170826
0.02440864545512167
0.026004615504742423
0.001499007008859743
0.0030488156108574582
0.004929674594595146
0.00649232359926788
0.008225737959142165
0.010207000091522644
0.012167661577866862
0.014255807062109271
0.015949180166289767
0.01772815595497057
0.019327406107455314
0.021001698613268283
0.022841516309951237
0.024651773079603534
0.0266088744543026
0.028708740306095715
0.0017870160408229863
0.003638674108820017
0.005453051007679566
0.007261307714609866
0.009193808317828789
0.010909982137039753
0.012645996578452667
0.014373730760196546
0.015953820311804923
0.01792772221336858
0.019704137921765175
0.021318588550936934
0.023177286839715205
0.025062065946388046
0.026782039884770792
0.02863249791513467
0.0018987395444721722
0.003823279898057641
0.005855223619812833
0.008217257693201363
0.010187599483119869
0.012215663083194328
0.014115162651500812
0.01617922738057076
0.018192810526538206
0.02009595020899868
0.02216413506727588
0.024194638743871177
0.026402227973869374
0.02883578429019551
0.031036013289376885
0.033174120340414004
0.0018442978371802088
0.003970524515648832
0.005805982075597904
0.007620598981984084
0.00967118328830796
0.011468079638977446
0.01339738014184122
0.015149595091301982
0.0168433682080269
0.018503340264750645
0.02006962938357737
0.021576636643325098
