0.017415706156545068
0.0185264209885622
0.019433009419175383
0.020678688483670844
0.02167531973802698
0.02265427043792093
0.02352345769563333
0.02438436469367679
0.025500679701315428
0.02640010790738397
0.027343457490826905
0.028109521514594688
0.02893278733221073
0.029876416924434743
0.030816766413794727
0.03174343547413645
0.000798505041118093
0.0017797358125150806
0.002570520611526378
0.003526910603916543
0.004413018392256787
0.0053170867438402936
0.00624943598231241
0.008223497888893795
0.00920092854111905
0.010131157713105882
0.01099678485917318
0.011965815247966173
0.012735319379615744
0.013538144556213279
0.014340769726538624
0.015018550981758791
0.0006683009579180402
0.0013299617075991504
0.0020946656887159965
0.003103257318149498
0.004013365859153337
0.0049597955391881
0.005757980570270674
0.006920737034313396
0.010722536258737064
0.011930014125242958
0.01311613132187825
0.014056440809983792
0.01485106572942127
0.015548527601825596
0.016296231049805723
0.01703653426571458
0.0006897016290430824
0.0013176413212318272
0.002102585937094975
0.002769886863652038
0.003422667334847612
0.004082368023061181
0.004758269219322694
0.005490052168035969
0.006132032300532914
0.006960058267427238
0.007627759206528695
0.008327221141654975
0.008971961360708242
0.009584740577464473
0.010170638951237473
0.010773337851874995
0.0005718179322103528
0.0013663628491389496
0.002041624025329425
0.002720405311910576
0.003324904268997869
0.0039007623279066067
0.00447430031405785
0.005175122291835074
0.005965107065757577
0.0066511685806466825
0.007234146862845611
0.0077896842844991515
0.008355222019762534
0.009005282405656234
0.009733705248996596
0.010454407850230163
0.0007930648705143373
0.0014448453103489273
0.0021406671313212305
0.002891490677147626
0.0037437574042321897
0.0044457794196425815
0.0051102802583888884
0.005956306789780916
0.006719250715702438
0.007384951592081926
0.008078333336533433
0.008740314096250063
0.009366453731989036
0.009984433111822386
0.010658494250379694
0.011337075530688634
0.000774984303507753
0.0014602857945625047
0.0022042691258797875
0.002911691310639508
0.003660714800016146
0.0044096582868838885
0.005214483526203378
0.006017468707818663
0.006762732079277994
0.007481474619044054
0.00833846149415246
0.009219769131959987
0.009984313108059056
0.010731856551021407
0.011453799191142588
0.012179621952944392
0.0007569837390100642
0.0014646859325508632
0.0022807515243678245
0.0030407353574608276
0.0037378372185751796
0.00443421905710964
0.005157041724828504
0.00586290386066507
0.006591566711532076
0.007325749735511727
0.008001410924246583
0.008683632318709528
0.00938093418609609
0.009990993317550462
0.010750617139353491
0.011434198576467353
0.0007107822901326055
0.0014145243594838874
0.00213766703723825
0.002911611308130585
0.0035767921682023363
0.004192451475278219
0.004815151003135426
0.00545373102900501
0.006033909223393169
0.006663408964505041
0.007336350067938036
0.008021931567773866
0.008729513757551322
0.009394854622640864
0.010075555969435074
0.010758777395258962
0.0006969418560966167
0.0014190445012355613
0.0021082661152253823
0.002821608485642141
0.003723596771994797
0.0045262619435745555
0.005240804351624467
0.005986147725592694
0.006656928761285985
0.007306789140907488
0.007968049878044198
0.008726113650924128
0.009331532636863538
0.009950872059347832
0.010603412523016748
0.011297834300083687
0.0006957018172089879
0.0013845234186544153
0.0021779483004586986
0.0028484893286253588
0.0034999497584244366
0.004116649098115738
0.004684026891083326
0.005268485219696528
0.005905825206678511
0.006558725681637428
0.007234546875390074
0.007891887489591742
0.008633030731843822
0.009387494391824208
0.010075755975707479
0.010735456663921061
0.0006767412226047487
0.0013623627236950264
0.0020509043163593754
0.002812528200884401
0.003512910164862798
0.004210492041030411
0.004934194736346931
0.005810222208568444
0.006475803081184617
0.0071423039826528645
0.007798364556712484
0.008475105779317232
0.009179247861212936
0.009849188870562964
0.01062433317908848
0.011298154310119157
0.0007117423202391837
0.001459325764455982
0.0022044291308975505
0.002941212236415719
0.0037099963454853835
0.004603984380950166
0.005316446723769241
0.006136432438521244
0.006908336645437163
0.007744402864473782
0.008553068224219446
0.009471697032418874
0.0102473613572521
0.010902821912495114
0.011544642039974323
0.01241910946327271
0.0008588269328126119
0.00167545254219173
0.0025465198588627835
0.0034757890007430514
0.00437009704624336
0.005126520767691267
0.005801421932591783
0.006456802485325902
0.007262667757260838
0.007993490675867576
0.008813956405672868
0.009702224261752823
0.010557531084174787
0.011338835585883944
0.012227823464543819
0.012979967051766739
0.0007595838205486372
0.001478126354042486
0.0021146263146812894
0.002737725855082862
0.0035564715309472916
0.004355576590881982
0.005179602432332342
0.00613291232813068
0.0069780988331795135
0.007753043135432847
0.008564548584243714
0.009241369809357358
0.009876429724836322
0.010457647951839899
0.01098194439377631
0.011651965405635234
0.0007022620229370502
0.0014101642227500322
0.0022717512421189245
0.003077296504018334
0.003777158451689022
0.0045322221304859855
0.005321566884337436
0.006085590844128852
0.006888416020726429
0.007668800493583483
0.008502346633590452
0.00946749690070281
0.010190279567167226
0.010910822163383072
0.01182089070313247
0.012833282451737704
0.0007611038682173166
0.0016507717682026635
0.0024796377614401677
0.0032637423509600527
0.0040743277709188175
0.004848072035538942
0.005650737207118728
0.006481803269350439
0.007336350067938036
0.008092973795658154
0.008833117006549263
0.009751145795932115
0.010608172672294969
0.011354356072606375
0.012132620478978173
0.012954286246416646
0.0008472265690251946
0.0018267772877357258
0.0027310056443369812
0.003590912611019459
0.004522101813112855
0.005461771281147332
0.006357879383097398
0.007399112036153399
0.008215857649295832
0.009049363788048326
0.009974312794449158
0.011008785235504914
0.01208013883315373
0.01301208805908144
0.013875955149953378
0.01483558524395312
0.000925389020199674
0.001797776378267224
0.0027314056568814027
0.00348614932564284
0.004305895032868268
0.005096399823098452
0.005905985211696219
0.006654168674729621
0.007479754565103136
0.008174376348442258
0.008846037411733176
0.009505098079875762
0.010109277026927543
0.01076221750314088
0.011414237950502115
0.012382428312951888
0.0006923017105816553
0.0014523655461835538
0.0021796283531452243
0.002865849873052051
0.0034871493570038936
0.004279734212464914
0.005011077147379361
0.005711899125156572
0.0064676428252790075
0.007136663805776988
0.007821325276760771
0.00858474921773561
0.009453416459140274
0.0102261606923994
0.01099214471365828
0.011744248299626725
0.000800225095059004
0.001570489250542928
0.0023234328628546352
0.0030166146010339734
0.003744597430575536
0.004455339719453721
0.005157881751171822
0.005878704356168718
0.006633688032456786
0.007591238061225691
0.008446864893683181
0.009299731639584308
0.010193239659995856
0.011218551813785005
0.011974575522688491
0.012827842281133983
0.0006721010770897595
0.0013623227224405787
0.002110986200527243
0.002786327379226572
0.0034224273273209538
0.0041498901405547794
0.0048471920079413144
0.005538973702215233
0.006242315759022121
0.006941697691639548
0.007674120660423833
0.008388463062201534
0.009197408430728304
0.00986294930209003
0.01058337189454256
0.011299994367823363
0.0006599006944857932
0.0013674828842632492
0.0020937856611183414
0.003003414187068898
0.003725436829698947
0.004495700985182871
0.005237684253778185
0.005980707554988918
0.006718370688104769
0.007583837829154283
0.00837690269966862
0.00907912472135125
0.009785866884785499
0.010463488134987875
0.011145469521924134
0.011819090646682628
0.0007104222788426595
0.0014038440245485728
0.0020672648294249862
0.002785847364173255
0.0035020298236551617
0.00420541188171647
0.005003196900254692
0.0056955386120908225
0.006387920325181318
0.007151504271173836
0.007861686542489865
0.008550908156479686
0.00922604932890686
0.010018794189385671
0.010708135807138808
0.011400117507684937
0.0007108622926415009
0.001436165038135595
0.0021553075904460206
0.0028545695193000764
0.0035351108610765514
0.004241012998167537
0.004948115172891732
0.005642456947449748
0.006302837656988802
0.006966138458101956
0.007634119405984463
0.008285859844564591
0.0089778015438563
0.009772306459530422
0.01046404815254992
0.01118583078765334
0.0006619407584622095
0.0014349650005024417
0.0020969057589645956
0.0027664867570246776
0.0034840292591575284
0.004072207704433561
0.004651985886277299
0.0052726453501580894
0.005950706614159362
0.006823373981007963
0.00750119523748255
0.008186576731046169
0.008816356480939147
0.00944801628979075
0.010068755756180381
0.010619453026046721
0.0006622607684977355
0.0012316386241872923
0.0017660553834968895
0.0023862748335788386
0.0030496956384553076
0.003653514574217087
0.004340856129248283
0.004958275491519448
0.005654177315000675
0.006267876560609009
0.006903936507448971
0.007557396999970045
0.008173336315827007
0.008839437204750888
0.009517738476278736
0.010153878425627538
0.0006609407271012113
0.0012394388688029556
0.001838337650268751
0.002521639078601534
0.003185099884732423
0.003880281685633702
0.004549582674912733
0.005351647827675887
0.005970347230089157
0.006552045472145995
0.007195305644784988
0.00792508853077628
0.008581029101072557
0.0092042486452375
0.009848508849237492
0.010585811971063397
0.0006320198201415494
0.0012048377837128865
0.0017980963883026946
0.002374194454738021
0.002971933199825083
0.0035484712800593066
0.004176170964721393
0.004920914319873015
0.005620336253744862
0.006352359209984781
0.007111903029278943
0.00785308627278547
0.008637870883630827
0.009391294510995796
0.010093876543968316
0.010802098753816824
0.0007761843411409064
0.0015176875946829593
0.002225669797004781
0.0028721700712533993
0.0037666381217714706
0.004450379563903151
0.00506699890108564
0.0056436969863375985
0.006268636584443321
0.006876095634359092
0.007604838487734966
0.008469425601186797
0.009152247014466264
0.009916830991819725
0.010677214837457205
0.01139603737973216
0.0007097822587716074
0.0013729230548670257
0.002126586689758625
0.00274896620758025
0.003408666895793888
0.004070367646729411
0.004765469445121795
0.005457971161975661
0.0062055946074469626
0.006994819357535209
0.007723002193348982
0.008506866775342292
0.009299171622022318
0.01008039612122269
0.010763017528230057
0.011425598306763263
0.0007525836010217057
0.0013959237761695942
0.001966861680782306
0.0025817209627693183
0.003149058754482459
0.0037157165248701274
0.004352936508088767
0.005081799365227901
0.0056947385870018685
0.006239075657412441
0.00678253270022533
0.007498835163470607
0.008260699055522291
0.008963281088494757
0.009656702834200726
0.010425926957069231
0.0006359399430765356
0.0012021576996653627
0.0018036165614152555
0.0024881980298900874
0.003205220515715257
0.004029766373473298
0.004842271853645164
0.0055918553605839305
0.006267196539283315
0.006984459032635115
0.007690161163454001
0.008427504286534382
0.009165967444739076
0.009925191253997712
0.010754777269815108
0.011541521942127986
0.0007701841529750286
0.0015052072032978314
0.002287231727586936
0.0030749764312608674
0.003835560283170447
0.00457718354047576
0.005325166997237063
0.006060790066376498
0.006749931677857424
0.007501795256299237
0.008159095869246458
0.008814676428252843
0.009533138959237797
0.01024444126567814
0.010981224371196308
0.011779929418586521
0.0008521067220668144
0.0015825296281291035
0.0022168295197737553
0.002812528200884401
0.0034516682443161972
0.0041491701179749985
0.004815871025715457
0.005551534096109423
0.006181753859801242
0.006745571541123763
0.0073098292362450135
0.007980450266920514
0.00873331387672327
0.009424535553435032
0.010108396999329972
0.010720856206050677
0.0006161393221291167
0.001236278769702115
0.0019124199734903424
0.002624322298747206
0.0033682656288099855
0.004104128705476051
0.00489135339284219
0.005531693473907029
0.006153632977929813
0.006728611009240937
0.00734683039660089
0.007946809211936579
0.008523907309732959
0.009147806875223319
0.009732505211363152
0.010307443241419856
0.0005757380551454361
0.0012431989867203175
0.0019481810949592004
0.0025916812751247686
0.003190420051572773
0.0038729614560713
0.004470820204921622
0.0051138403700339286
0.0057735810595018755
0.006441121993585597
0.0070594213834543895
0.007671840588920675
0.0082773795786234
0.008869238139307845
0.009495857790100093
0.010096476625506834
0.0007083422136118234
0.0014728061872020248
0.0021853485325299404
0.002868169945809518
0.003691835775969987
0.0044045781275701135
0.005041238093226652
0.00570105878520355
0.006315558055900672
0.006894336206383467
0.007552996861981631
0.00830634048683776
0.00907012443910249
0.009799307306277205
0.010542770621286834
0.011221471905359048
0.0007186625372571642
0.0014093641976612448
0.0022281898760345697
0.002920491586616225
0.003613073305978931
0.004276174100819818
0.004944875071282273
0.00562773648581627
0.006339558808564294
0.007096782555101044
0.007738522680071358
0.008377742726011994
0.009070924464191332
0.009740305455979259
0.010510049595155446
0.01117211035738086
0.0007805844791293204
0.0015975700997984399
0.0023737144396849263
0.003186059914839001
0.003961044218346754
0.0047154678770726655
0.005436530489596136
0.006136632444793455
0.006957818197178667
0.0077159219713131
0.008485786114252547
0.009228969420481015
0.010107196961696707
0.010917462371619946
0.011701926972429777
0.012527632866566663
0.0008218657737106838
0.001628851080769822
0.0024568770476641744
0.0032529420122614505
0.0039812848530929035
0.004732348406445874
0.005476771751561915
0.006278156882999708
0.007114023095764144
0.007868966770797847
0.008787115563943959
0.00964846257578622
0.01059585228592752
0.011421718185082086
0.012317546278251101
0.013163612810897618
0.000761903893306104
0.0015511686446487705
0.002330313078618196
0.003130018157369463
0.004091328304055675
0.005125960750129277
0.006146112742095755
0.007037780704802987
0.007941009030043245
0.008920919760043722
0.00992771133302739
0.010763337538265194
0.011604683922887826
0.012397388782112162
0.013188613594922294
0.013993038821697446
0.0008883078573344028
0.001817136985415857
0.0026394027716708512
0.0034873493632759933
0.004232572733480877
0.0051044400752408015
0.0059356261412358835
0.006798333195729089
0.007536276337625991
0.008385182959337656
0.009270930736387961
0.010115637226383534
0.011086547674135194
0.011992056070878498
0.012800481423097532
0.013684949160005844
0.0008631470682920472
0.0017421746345964717
0.002692804446347452
0.0035543914657164555
0.004367976979758104
0.005296806107839558
0.006182833893670914
0.00705898136965577
0.008006651088578232
0.008817316511045892
0.009768466339104442
0.010634413495207218
0.01144255883864509
0.012352747382157858
0.013362379044206785
0.014247286794913827
0.0009254690227085138
0.0018389376690852721
0.0027013647147974273
0.0034901494510867215
0.004457619790956602
0.005283365686347907
0.006130912265408628
0.0069821389598777595
0.00782272532066608
0.00870659303875776
0.00957750035041105
0.010452407787508333
0.01139559736593354
0.012264064601066105
0.013136091947843598
0.014052320680776664
0.0007807844854014201
0.001559448904317584
0.0022449504016445188
0.002917771501314226
0.003553991453171923
0.004207131935657471
0.005065158843381323
0.005831902888474572
0.006472882989610573
0.007214546248170306
0.007924848523249706
0.008664871730377555
0.009561339843617511
0.010352644658936483
0.011271393470899227
0.01219986258769068
0.0009345093062117504
0.0019319805869111306
0.0030367352320167518
0.004157930392696962
0.0051562016984850745
0.006109511594283412
0.007216746317164291
0.008329061199358945
0.009539339153675663
0.010629653345928802
0.011601163812497095
0.012560953911514572
0.013695589493686433
0.014727781863239198
0.015698652309736327
0.016624281337462632
0.0008839477206005197
0.002042624056690423
0.00299577394747097
0.00401344586166219
0.0049080739171979415
0.0058633838757182755
0.0068682953897433174
0.007787364211741532
0.008699672821739557
0.009620381695169877
0.010448847675863071
0.011618764364450418
0.012470431072718391
0.013243015300959837
0.013936957062973487
0.01462497863933021
0.000585298354956465
0.0011226752070945256
0.001830337399380877
0.0025003984124942757
0.0032557821013268207
0.004025406236739748
0.004817231068366512
0.00560077564032424
0.006380920105654719
0.007109982969066064
0.00782928552639428
0.008669151864602709
0.009449656341223078
0.010308763282816824
0.01112810897749783
0.011997776250263548
0.0008359462152733865
0.0016211708399176405
0.0025182789732286492
0.0034069468418529425
0.004225412508936266
0.005033077837320987
0.0058961849043586145
0.006662208926871971
0.007407232290804644
0.008127774887020434
0.008861997912254505
0.00968110359940888
0.01034152431020241
0.011034186032074067
0.011753448588147752
0.012440350129380051
0.000694741787102493
0.0015278079120560895
0.0022095492914657733
0.0029400522000370133
0.0037069562501479414
0.004430178930411199
0.005149521488993836
0.005839103114273603
0.006612887380148202
0.007340790207180925
0.008109374309978379
0.008812636364276427
0.00959086076939375
0.010402766230748983
0.011243992611608244
0.011937094347278632
0.0007025020304636254
0.0014133243218507063
0.0021677879818311485
0.0028638498103301657
0.003600672917102754
0.004399337963238659
0.005051798424398735
0.00570085877893145
0.006374519904944309
0.00705902137091019
0.007703561583691232
0.00845018499780148
0.009127886250512751
0.009817227868265888
0.010514649739415738
0.011226512063418292
0.0006934617469603888
0.0013966037974951773
0.0020787051881948626
0.0027048448239338496
0.003335944615223352
0.003923003025375071
0.004543822494273653
0.005202163139836347
0.006003468268765189
0.006672289242991014
0.007313029336600274
0.007967889873026768
0.008652191332720549
0.009340292911586001
0.01007739602713964
0.010903061920021995
0.0006935017482148087
0.0014096442064422954
0.0021267466947764158
0.0028866505253605235
0.0036309938679677245
0.004624465023223112
0.005447570835821369
0.006286757152704325
0.007188345426512588
0.008076933292628041
0.009017962803313573
0.010023674342427458
0.010926742662650035
0.011827210901333984
0.012806321606245619
0.01382091342384495
0.0010973144117799594
0.0021496274123156134
0.003220620998674484
0.004363176829225268
0.005504412618379528
0.00661244736634925
0.007730562430437682
0.008837797153318672
0.010038114795279829
0.01104274630052382
0.012195982466009947
0.013201934012650463
0.014249886876452345
0.01524887820482046
0.016220748682678643
0.01721001970621794
0.0009448696311116223
0.0019607014875986373
0.0029262117660009412
0.00396680439898589
0.004989556472490886
0.0060085484280785195
0.006775732486970609
0.007610318659592941
0.008518147129093712
0.009583220529795544
0.010463528136242073
0.011395077349625415
0.012318706314629724
0.013249015489125382
0.014166204252164971
0.015104233668767453
0.0009209088797025311
0.0018226971597830044
0.0028838504375497953
0.0038798016705804406
