0.019866983028587776
0.022896598037314447
0.02525143188490391
0.027441660570475486
0.029491324847947233
0.03135274322202744
0.033088597658422564
0.03473296922591492
0.036519745259211325
0.0381773572419231
0.039730845959329276
0.0413094954657778
0.0430105488108107
0.04551486734623997
0.04710183711361187
0.04946911135133196
0.0020796652183012465
0.0046167047798618965
0.006307117791213929
0.007872526882443026
0.009313212062330267
0.010915262302625794
0.014046760506409461
0.01602818264380769
0.01814800912156604
0.019881503483949237
0.021677599809530004
0.023341331984171
0.024858739570072896
0.026445909343717003
0.02793207594990177
0.029478364441508878
0.0014018039605721982
0.002899890940579894
0.0043444962434021905
0.005978747493521383
0.00769128119857837
0.009131966378465611
0.010853820375806969
0.012533553052223714
0.016717084247761985
0.018927713573097624
0.020826293112551977
0.022422023154646073
0.024017073175414724
0.025802369162296876
0.02742558006619082
0.029118713162844714
0.0015378882281748552
0.003007734322548389
0.004698267337663736
0.006249635988584634
0.007718002036543881
0.009280011021145645
0.010849900252871969
0.012234383670271937
0.013773031922281104
0.015233877734405765
0.016580919977650516
0.018027285335668136
0.019450049953566556
0.020847053763606044
0.022225857002875632
0.023784145870814538
0.0015264078681507254
0.0029280918249595944
0.004326015663851185
0.005835102988829721
0.007189945476690135
0.008595229546398547
0.010011833971113326
0.011332475386428092
0.01269527812392196
0.014043760412326523
0.015431763940117166
0.016838528056239838
0.018471619269980283
0.02005666897713909
0.02166603944699702
0.02332821157271489
0.0014699260968823735
0.00309757714001907
0.004616744781116289
0.006195154280038195
0.00807817333151567
0.009660742960899249
0.01152228133874278
0.013181093359087737
0.015283599293673844
0.016859288707293862
0.018329134801667396
0.020127271191224594
0.02172340124586314
0.02320792780061587
0.02481809829556264
0.02648619060693752
0.001740174571874531
0.0035535914406275015
0.005216763597706342
0.0067937730527228846
0.008581189106090292
0.010352764662699743
0.012126900299593346
0.01410312227391447
0.01599122148470572
0.017918721931119708
0.019649136196911055
0.0215619161816914
0.023299930685826253
0.025037225167381216
0.026667356288293198
0.028453252293991926
0.0016738924932686028
0.0032920632391031934
0.0051168004628625585
0.0068252140387122795
0.008660951607442458
0.010426686980903765
0.012008496586452977
0.013853514446213022
0.015608609485993463
0.01749042849983773
0.019057557645007717
0.020613886451479102
0.02201453037567258
0.023405293990019505
0.024873100020416594
0.026307505003356824
0.0014354850168101785
0.0028682099470639932
0.004445299404589376
0.006207994682713325
0.007610798674646535
0.009018042805822524
0.010485808834965193
0.01184769154360693
0.013239015175516011
0.0147231017164699
0.016057783572092865
0.017523069523460333
0.019118599559282246
0.02062500680021334
0.022090612761616335
0.02374058450473021
0.0016004101888635325
0.0032787828226293336
0.004888833313812735
0.006649768536741318
0.008418744011812196
0.01019831981930952
0.011846531507228086
0.013612706894488236
0.015234517754476817
0.01684988841250068
0.018605783477369908
0.020011947574676003
0.021601037408533197
0.023335091788478535
0.02488490039047625
0.0267557990618586
0.0015038471606469428
0.0029560127005582304
0.004453339656731559
0.005969547205000314
0.007493875007920203
0.008989041896353855
0.010443607511531505
0.011957854998332684
0.013717590183628059
0.015221917359328263
0.016696043587926812
0.018476899435566185
0.020083509818867806
0.021551475854282687
0.023148045922720017
0.024737015752813896
0.0015754894073478076
0.0032244611191006856
0.004929754597104152
0.0067745324493376224
0.008659391558519303
0.010495409136030531
0.012425549665237512
0.014048080547805986
0.01556436809858358
0.017202859481673327
0.01887635196239751
0.020447121221721487
0.022023410654158082
0.02359541995236969
0.025102707220898413
0.026588553817047667
0.0016013702189700552
0.0034428679683394803
0.005059398662742076
0.006929177299000111
0.008652631346519057
0.010330163953941596
0.01210617964979388
0.013976438301105176
0.015803375593858693
0.01785379989516478
0.0195016515717934
0.021462193054374246
0.02316504645585693
0.0245689704829144
0.026014935828387653
0.027813192221708194
0.0017826959053436342
0.0035615916915154866
0.00527068528869068
0.007087542265325375
0.008990081928969329
0.010719016148346472
0.012248984128142348
0.013804952923323732
0.015310160126621675
0.016991212844434833
0.01886779169394759
0.020938976646307728
0.022966920242618927
0.02486985991880719
0.026860002329673227
0.02863913812337171
0.0017630152881594752
0.0036899957182657817
0.005257004859672398
0.006726850954045904
0.00842014405571756
0.009941671770826721
0.011738408116478527
0.013492023109844653
0.015351921436256188
0.017208739666075945
0.018966474788649323
0.020454401450029414
0.02195432848774137
0.02344585526202103
0.024955982619614958
0.02667487652412781
0.0013969638087850678
0.0030414153787863274
0.004710907734066683
0.006141272590308611
0.007845246026915609
0.009638742270957734
0.011245112646732669
0.013156172577572067
0.014974069586822347
0.0168100471630791
0.018446738489719117
0.01998926686340885
0.021799203623025565
0.02354185827267541
0.02563448389741496
0.027591105257060766
0.0018457778835944127
0.0039535639837665615
0.005846423343836116
0.007636159469961101
0.009435535898405956
0.011352156003612501
0.013339578329176649
0.01510131357719402
0.01661572106901299
0.01853050111651533
0.02041584024075027
0.022145054468908465
0.02393835070667849
0.025684805475500005
0.027546343853343536
0.029321879534142448
0.001955821334556962
0.003924723079315684
0.006013588586137986
0.00822033778979303
0.010182439321297032
0.012495351854234116
0.014633298900253444
0.016758325541088914
0.01868114584073355
0.02073621028755457
0.023274409885493896
0.025515080152913483
0.02786635388885783
0.030221947760281642
0.03251657971993993
0.03453700308041652
0.0019093398768985637
0.0039329633377303
0.0059202656595310765
0.007916008246018569
0.009736905349351788
0.011601763831313727
0.01330041710108032
0.01512883444024804
0.016887609595436892
0.018602303368233652
0.02013239135179279
0.021629958315492748
0.023295970561636792
0.024835138829953696
0.026225902444300675
0.027712909076828662
0.001699693302381955
0.0032310213248287756
0.0046577860681711325
0.006441522006130129
0.007875966990324779
0.009332532668224425
0.01096542387569277
0.012471511106588395
0.013915796399375235
0.015656610991320874
0.01727722181367619
0.01891083304372443
0.020479682242835362
0.021942848127717407
0.02350497711608257
0.025029984940327932
0.0017341743837087087
0.0033829460891894314
0.005027437660445111
0.006704330247796597
0.008403983548924132
0.01030172306203525
0.011977335609244744
0.013823513505383578
0.015637530392953236
0.017669594118471688
0.019580854055583297
0.02156299621556146
0.023440375090162946
0.025347154886777412
0.027256454762421445
0.028850744759355784
0.0016570919664040673
0.003355625232407289
0.005076119187097716
0.006757531916200876
0.008369582470106218
0.010063555593103346
0.011724567682442455
0.013484542875264571
0.015248438191021618
0.01697349228871814
0.018493619959921825
0.020105950522608218
0.021786523225368115
0.023368612839698377
0.025089586809442066
0.02670231738467288
0.0015670491426611477
0.0031712194494419865
0.004826191349360798
0.006540245102086506
0.008200137156301412
0.009742545526227886
0.011469919696681874
0.01309005050398393
0.014682980458267325
0.016461076219350335
0.018153489293424308
0.020008227458013117
0.021739041736348885
0.02344789532599756
0.02516970932208451
0.026849321994737885
0.0016268110167935168
0.003128658114718519
0.004936034794051136
0.0068186138317297695
0.008431304405706164
0.01010171678983851
0.011998576275351946
0.013538904580047584
0.01508547308043573
0.016929290902562677
0.018437618203706818
0.019994787036521355
0.021618717962995193
0.023411094171913005
0.025085386677726085
0.02669499715511059
0.0015432083950152053
0.003256902136450912
0.004725028176883583
0.006193634232369516
0.00783308564556584
0.00931721218777426
0.010884861349251929
0.012697798202951804
0.014288648092004252
0.015914819088726717
0.017781117615848552
0.019392208139647482
0.02089953540943068
0.022508225857963082
0.02407187489399687
0.025488839330001567
0.0015622489921283123
0.0031588990630746494
0.004775029744932935
0.006241795742714551
0.007686881060590123
0.009148166886513431
0.010618773004721138
0.012021697000417664
0.01355198499024901
0.015226477502334301
0.01672380445850763
0.018319774508128495
0.01986946310636295
0.021291947715480264
0.02274851339338002
0.024223319643304153
0.0013550424941326522
0.0026824041201931603
0.00401000575378041
0.005290005894584837
0.006543605207459446
0.008115574504416578
0.009629981996235548
0.011062506920217041
0.012678157587021843
0.01411516265150059
0.01563341026374565
0.017113456678001127
0.0185492217035923
0.019974466399266033
0.021642118696842072
0.023270609766322004
0.0014831665121017856
0.002957052733173704
0.00452742197995315
0.0061318722955150395
0.007720682120591071
0.009346053092224693
0.01090610201535891
0.012412909268834316
0.013831553757525539
0.015257358470761151
0.016693203498861164
0.018158169440193106
0.01975061937942324
0.021148943230859363
0.02254254693427149
0.02388442901569343
0.0013516823887596008
0.002614041976356285
0.003899762296545539
0.005361008121214761
0.006890496085957265
0.0083431816421764
0.009810627661283489
0.011186190798943452
0.012844802813016143
0.01451821529123154
0.016161106812309534
0.01782387895684412
0.01962245536020002
0.02132074861867661
0.023018121848300988
0.024778817063702885
0.0016424915085335723
0.0034242673850251037
0.005393449138564987
0.007083822148662655
0.008920759755026042
0.010495649143557273
0.012036657469578271
0.01363362755056019
0.01508187296753638
0.016414514759182985
0.018051766103385214
0.019568133656671538
0.02129990796511394
0.02292855903961155
0.024581130864264056
0.026121299163941902
0.0015452484589917326
0.0031028173043508023
0.004709187680125737
0.006422641414034702
0.007849246152359157
0.009314012087418888
0.010837179853959933
0.012241823903597293
0.013617267037493885
0.015209236961670758
0.016616801102882217
0.018037005640496373
0.019678777126450164
0.02116526374267047
0.022702231941993167
0.024262840882689707
0.0014076041424657681
0.002762086619036097
0.004050927037071661
0.005374128532670497
0.006615647466704289
0.007841845920287804
0.009063204222084176
0.010239361106364031
0.011511641005061746
0.01280692162506214
0.014030599999615978
0.015481125488095326
0.017064775151348854
0.018461898965151713
0.020157712145853157
0.02168660009177903
0.0014078441499925098
0.002613361955031035
0.003941963619979338
0.005368248348268434
0.006822813963446306
0.008363182269396363
0.009892950242919918
0.011505880824423054
0.013345498514833798
0.014851745750747103
0.016473756617007895
0.0182672128597956
0.02003478829096106
0.021634998473552214
0.02354521837804846
0.02540023655141832
0.0017487348403244507
0.0035178303191587545
0.005203203172451598
0.007167104760405385
0.008854837687710004
0.010531810277570441
0.012147820955665356
0.013697589556408651
0.015387042537654105
0.01693241100040921
0.018419017620392886
0.020193273261049693
0.02172660134621851
0.023561858899895594
0.02527187252592289
0.02711701038944625
0.001709053595920773
0.0032662624299897303
0.004849632084461986
0.00634587900676542
0.007661240256494173
0.009050043809373465
0.010410126461565472
0.011773249209094727
0.013283656575469704
0.014568616871824647
0.01584105677554004
0.017232940425011334
0.018676425692709442
0.02015055192130788
0.02159451720405925
0.023244768955954065
0.0014115242654009208
0.0029005309606509044
0.004366296927071689
0.005790301583857627
0.007273828107249303
0.008718913425124875
0.010416246653494943
0.01205669809805232
0.013519063957845523
0.015165195580533197
0.016731724706886553
0.01819225050897577
0.01962305537901643
0.021110142014053368
0.022395862334242622
0.024017553190467833
0.00130772101013088
0.0026252423275994197
0.004023166166490899
0.005333047244361566
0.006721210777169917
0.008131094991138843
0.009544019300445017
0.01117659049787778
0.012748079779781873
0.014212045689752761
0.01567313150940408
0.017096336141101176
0.01859938327665933
0.01997618645320709
0.021445152519982802
0.02283283603773789
0.0016256509804146724
0.0032545020611844944
0.004792990308175815
0.006366799662837153
0.007978410202943653
0.009544459314243747
0.011002425036048757
0.012566114073337076
0.013995958913271211
