0.017806998427470685
0.019865102969629126
0.021248026338105963
0.022640950020192632
0.023757105022813516
0.02493062182430041
0.02599337515224477
0.027096489745918426
0.028255606095807156
0.02934088013000087
0.030425354139105798
0.03166403298407438
0.032848990144330924
0.03407710865812751
0.03496821660327268
0.03620105526509312
0.0011347555859351766
0.002355953882713764
0.0034100269384447907
0.004356136608444042
0.006754131809573551
0.008128894922144761
0.009228209396646682
0.0106751747734809
0.01213118043381841
0.01345746202600915
0.014662299809722036
0.016011662125724253
0.017260141278030473
0.018218651336905915
0.01913564009367332
0.01995682584605852
0.0010943143176970066
0.002115266334752272
0.0030491356208930814
0.003991685179247223
0.004785830083631426
0.005641256909816705
0.006534484921447148
0.007525716006453978
0.011063866962867958
0.012603995261291398
0.014101602226245818
0.015176155924249798
0.016131785892805603
0.017048494640791945
0.018000884507738166
0.01914076025424158
0.0009286291218092713
0.0019599014625098776
0.0029487724735047793
0.0038253599632884633
0.004750748983488137
0.005633176656419964
0.006532244851198549
0.007431633056012646
0.008341581591998742
0.009345933088461683
0.010224120628422942
0.011097348012833713
0.012020776971565852
0.012899684534107017
0.013815313248223493
0.014696620886031006
0.0008768674985647484
0.0017120936912581597
0.0025440797823419736
0.003525150548721212
0.004342456179425802
0.005215003542511115
0.005949066562727423
0.006741771421951814
0.007482674656677263
0.008421344093350797
0.009197168423201785
0.010035034698688189
0.010898221768234684
0.011655005500972537
0.012624715911091017
0.013473462527784918
0.0008325461086459707
0.0016410514633738993
0.002425636067947101
0.0033136639165004533
0.004331335830691674
0.005219883695552707
0.006130672257882025
0.007128703556143534
0.008020931536413006
0.008866598056515074
0.009839548568243123
0.01077589793215919
0.011663365763150357
0.012591074856107498
0.013545504787030122
0.014405931770020308
0.0009898710423558998
0.002040023975151878
0.003119777836232962
0.004129689507062967
0.005136201071265611
0.006262396388750757
0.007272148054562999
0.00834142158698098
0.00937253392266385
0.010341884321492356
0.011309114653835578
0.012270544804285105
0.013354338792064574
0.01434484985449147
0.015394682777251922
0.016423115028887353
0.0009334692735964434
0.0019255803862009424
0.0028819703785910866
0.0038624811274081683
0.004944075046193458
0.005864063897043831
0.006820373886925107
0.007842725947885737
0.008770675048369508
0.009720664840049353
0.010677334841220576
0.011471439744350331
0.012294665560711932
0.013193333742946123
0.014164444196969966
0.015104473676294444
0.0008685472376413761
0.0017084535771041964
0.0025831210066747934
0.003423827371226401
0.00425393340335159
0.005117120472898085
0.005906105215459617
0.006671489217901921
0.007509955512204902
0.008368942450035277
0.009227729381593441
0.010318243580118708
0.011210951575441441
0.012200862619051761
0.013115851313097199
0.013909956216226954
0.0010081116143802193
0.001963221566628315
0.002968533093197806
0.003917322847244498
0.004976796072324846
0.00597298731288215
0.006955338119403437
0.00791564823472865
0.008938280304470358
0.010025034385078319
0.010881461242624568
0.01181501051872988
0.012819442017701688
0.013793392560790735
0.014821704808662822
0.015740733629406617
0.0008824676741862603
0.0018434978120913659
0.0026760439207373365
0.0035629517341663197
0.004360656750195591
0.005233324117044191
0.006094151112578772
0.006977938828161556
0.007951369354942894
0.00882699681462007
0.009747505681778179
0.010716656074334474
0.01157072285786881
0.012695638135211906
0.013581425913516632
0.01443517268701544
0.0009243489875842559
0.0019089798656085621
0.0029580127632802267
0.0038926420732554035
0.004998836763520864
0.00614667275965769
0.007273788105994938
0.008452705076831157
0.009404334919943025
0.010371405247268484
0.011624244536308559
0.012741479572799308
0.013610306819221762
0.014508694992674875
0.015446884414295148
0.016399074274969172
0.0013199613939893218
0.002305952314664572
0.0033595453553423305
0.004327935724064258
0.005284565723981061
0.006277236854147716
0.0073193095335469804
0.008361062202910663
0.009367333759586705
0.010758817396513576
0.01176456893688188
0.012939765791055213
0.013900315913907058
0.014789303792566932
0.015587088811105099
0.016739004935194757
0.0010664734446072521
0.00219162872947698
0.00329086320147004
0.004415378466268716
0.005492772253337885
0.0065628058095901776
0.007435593180202094
0.008580589087273716
0.00942285550074845
0.010424406909400608
0.011487240239853869
0.012613635563611225
0.013774271961168705
0.014792503892922082
0.01588269808141185
0.016930850951485887
0.0012481991435251416
0.002237270160792282
0.0032319413536808783
0.004121649254920645
0.005049718359167732
0.006049669717642314
0.007054941242957358
0.007988290512790486
0.009007002459597124
0.010052315240605958
0.01098690454932666
0.011964015191516408
0.012803161507144889
0.013722870349214211
0.014566136794049944
0.015455444682745345
0.0008905479275830297
0.0017271741641818328
0.0025690005638577262
0.0035767921682023918
0.004776149780057082
0.005833742946178777
0.006872975536512782
0.007955689490422357
0.00906912440774138
0.010133437784608845
0.011125468894704449
0.012097779386361474
0.013148452335465188
0.01435989032616053
0.015412763344258396
0.016439395539444013
0.0010933542875904423
0.002295551988510336
0.003513630187442607
0.00462706510476163
0.005658497450479971
0.0066671290811679
0.0076388795552627675
0.008652871354045577
0.009605981243571704
0.010836539833889047
0.012114659915734849
0.01309253058175891
0.014175364539431856
0.01528063920084527
0.016364193181098108
0.01745970753642828
0.001051552976701342
0.002223829739300631
0.003340064744430382
0.004789710205312048
0.00593466611112925
0.007067741644377956
0.008266819247451596
0.00962774192598681
0.010847340172587816
0.011994936161198011
0.013225054737716568
0.014674780201107074
0.01587981799109217
0.01722202008254975
0.018511460519401834
0.01982490170891754
0.0011203551343370033
0.002272471264698872
0.0032978234197424405
0.004383417463971695
0.005391769085878573
0.0064698028930187945
0.007551916828111793
0.008698792794142096
0.009766626281400237
0.01085534042347569
0.011718007476714476
0.012637316306239377
0.013628827400027299
0.014559816595848485
0.015399482927784647
0.016291790910562987
0.0009491097640821899
0.0019519412128763958
0.002946812412037203
0.0037939189772990822
0.004599864251742913
0.005467531461786634
0.0064610426182964975
0.007358070749098666
0.008361342211691714
0.009297011554282308
0.010215160347428476
0.011299234343988995
0.012210422918862707
0.01310569099446951
0.014077721477345428
0.015031711394469238
0.0011049946526323073
0.0020739050376619717
0.0029912938069737716
0.0039754446699448165
0.00506751891739321
0.006087710910614108
0.007072781802437256
0.00813361507016852
0.009197168423201674
0.010364925044049289
0.011500400652564358
0.012544193385904456
0.013611186846819334
0.014814584585372381
0.015899458607021744
0.016901810040762688
0.0009784706848406932
0.0020605046174249075
0.0030742164074266665
0.004051447053379675
0.005025077586433224
0.005987947782042591
0.007047221000850756
0.007985450423725449
0.008914759566860164
0.00982078797991115
0.010730256500844026
0.011821850733239159
0.012794001219878393
0.013788752415275884
0.014719301597298173
0.01566249117572338
0.001009231649504505
0.001987862339362878
0.0029873336827841435
0.003955564046488336
0.004896113542120495
0.005817262429349657
0.006798573203255498
0.007813005015837149
0.008851397579828002
0.010088916388417801
0.011147389582137235
0.012175341818719376
0.013206094143112246
0.014280007821045215
0.015204396809883947
0.016141866208924327
0.000981550781432583
0.001977742021989859
0.00304549550673916
0.00404312679245622
0.004955915417507506
0.005893024805257885
0.00681893384176524
0.007881167153401925
0.008809356261412327
0.00970122423039188
0.010627093265644816
0.011597603700852055
0.012642276461789836
0.013564945396687622
0.014539015943539901
0.015464484966248415
0.0008868278109200878
0.0018505380328727172
0.0027399259240770135
0.0036527545503827197
0.004574343451410612
0.005539053704724184
0.006639008199297081
0.007643559702032232
0.00860378981484855
0.009646462513064336
0.01055881112431678
0.011562562601963089
0.012532433017099276
0.013442421554339834
0.01433184944679855
0.015318080375000376
0.0009799507312548972
0.0019489011175390925
0.0027937676125523447
0.003718276605154336
0.004491820863502305
0.005355687954374355
0.006192754204772055
0.007013019928305164
0.00789576761127253
0.008719153432651838
0.009612981463098857
0.010645973857740354
0.011548282154128509
0.012333106766228341
0.013129531742115619
0.01390047591892496
0.0008505066718892396
0.0016818927441564213
0.0024933181904585044
0.0032953033407128185
0.00407996794779486
0.004854952251302613
0.005862463846866173
0.006767972243609477
0.007607758579308954
0.008591269422209002
0.009536019049557365
0.010578811751536521
0.011525161429062458
0.012418749451982847
0.013446701688564988
0.014362650412717004
0.0007843845983009912
0.0016534518522500763
0.0025324794185545008
0.003405906809237469
0.004265573768393316
0.005159721808875806
0.0060845108102588474
0.006966218460610851
0.007718522052851506
0.008438664636522875
0.009281811077595292
0.010224040625913866
0.01112586890724887
0.012005056478571086
0.012861523337371783
0.013712750031840915
0.0008200657172608983
0.0015966500709462261
0.002381354679282688
0.003126418044469781
0.003890402003006721
0.004681786820834644
0.005440250606258967
0.0063325985902917825
0.007216426307128931
0.008118254588463825
0.008979321591525036
0.009849828890633905
0.010998624916877309
0.011895293036389587
0.01280348151718036
0.013733590685403918
0.001046432816133036
0.002129386777569242
0.00304593552053789
0.003966124377660418
0.004849032065645575
0.005755140481205512
0.0066529686370965235
0.007422552771255031
0.008238018344255305
0.00907416456580079
0.00992119112855383
0.01075865739149584
0.011677646210985215
0.01262979607040482
0.013549984927527348
0.014466853680531466
0.0008481065966228218
0.001725934125294093
0.002643842910913685
0.0035264705901177917
0.0043461762960886885
0.00520756330918537
0.006230595391471527
0.007110182975338164
0.007953449420173841
0.008785715520038706
0.009672343324686694
0.010649493968130863
0.01159588364691111
0.012551953629265755
0.013486382932968777
0.014409411879156564
0.0009354293350639642
0.001746334765058255
0.0025179989644474876
0.003346624950158361
0.004157490378898121
0.004953195332205396
0.00590570520291489
0.006634808067580766
0.007358870774187287
0.008053092544981988
0.008761594763611602
0.009511218271804789
0.010429567071223111
0.011351275976014374
0.01220394271564329
0.013069529860456175
0.0008423064147291548
0.0015776094738330082
0.0023743544597557564
0.0032465018102967313
0.004155010301122974
0.0050795992962338055
0.005983307636527324
0.007092102408331358
0.00800025088786771
0.008846037411733065
0.00979142705915248
0.01086582075213871
0.011854731764388005
0.01284736289330024
0.013882075341882683
0.014981709826420109
0.001193877439996549
0.0022874717351135665
0.0033179040494709655
0.004243693082215061
0.005197723000593291
0.006080030669761705
0.0070543812253951454
0.008022771594117128
0.00903396330508921
0.010099036705791042
0.011040146218985303
0.01201673684486726
0.012943645912735668
0.013935877029103483
0.015073472704103863
0.016138706109823486
0.0009908710737168702
0.0019497411438822443
0.002895610806354809
0.0038542008677392436
0.004779429882921127
0.00560777585985095
0.006464842737468168
0.007296748826043142
0.008204977308088335
0.009063644235883128
0.00984802883418412
0.010664094426001025
0.011564322657158344
0.012522072692199515
0.013368259228609292
0.014199325290841003
0.0008781875399612726
0.001663892179658788
0.0025692805726388324
0.0035563515271839208
0.004386217551782479
0.0052204837143693394
0.006128072176343591
0.007119463266368253
0.00817901649395747
0.00903352329129059
0.009874989679676593
0.010739056776820743
0.011617124313018645
0.012527312856531303
0.013479102704660906
0.014436332723394285
0.000930429178259029
0.0018898992672410353
0.0027912075322681362
0.0037907988794527725
0.0047103077152498285
0.005604175746951268
0.006506444042085002
0.0075119155736722565
0.008512666957235626
0.009384894310285441
0.010212600267144323
0.011030585919174274
0.012012976726950009
0.012872683687360276
0.013699869627911365
0.014524095475633936
0.0009217889073001029
0.0018290173579843527
0.002783367286398053
0.003728316920018626
0.004682226834633485
0.005599535601436445
0.006480163217918444
0.007407792308366745
0.008330981259572212
0.009224849291273651
0.010097796666903358
0.010950343402769014
0.011820930704386723
0.01275732006955721
0.013600266504357417
0.014422572291866942
0.0008711073179253903
0.0018027365338176837
0.002683484154063054
0.0036469943697434726
0.0045950641012102444
0.005553654162594568
0.006474643044805939
0.0073221496226122396
0.008246938623995392
0.009165007414632664
0.010018514180604843
0.010958343653657221
0.011902413259680111
0.012808401671476677
0.013758911479464286
0.014773423294554777
0.0009264290528151475
0.0018093367408001937
0.0027815272286938475
0.003737277201013023
0.004741908706257014
0.0057539404435723585
0.006837854435115198
0.007825165397186917
0.008842517301342667
0.009858749170374104
0.010875861067003223
0.012087379060207515
0.013124931597855105
0.014044720442433212
0.014976309657070974
0.01609870485538445
0.0009915110937878113
0.002023783465849416
0.003110137533912982
0.004201291752509273
0.005351407820149201
0.006370719785772416
0.007474594403280466
0.008561948502705086
0.009661302978461461
0.010757537356371527
0.012167501572849293
0.013315577576512805
0.01459509770226386
0.01571601285416302
0.016821447520594113
0.017923042066599115
0.0010161118652681767
0.0020753050815673912
0.0032061405445674707
0.004278974188630547
0.005709819059925625
0.007071061748496255
0.00838090282511239
0.009532018924113261
0.010771297787898426
0.01213402052288337
0.013376859498313687
0.014603897978240465
0.015868217627304726
0.017108136511160943
0.018302853977500755
0.019351326857610318
0.00108083389495095
0.002212709390566503
0.003286903077280523
0.004392337743711616
0.005366728300599477
0.006494363663244407
0.007743202826840601
0.0089005991227884
0.010004233732769818
0.011088147724312658
0.012291465460356865
0.013279056431209635
0.014659739729437904
0.015974340955332345
0.01722374013649064
0.01835777569984587
0.001205637808801674
0.002379874632868484
0.0036011929334103243
0.0047278682659487314
0.0058911047450447285
0.0071455440842623785
0.008262459110717657
0.009449576338714016
0.010562451238470882
0.011648445295244447
0.012761480200018993
0.014003479149106046
0.015378442267949599
0.016461796241930338
0.017712435461976317
0.018919393312174626
0.001148716023734453
0.0023953151170821307
0.0034345477074162467
0.004658266083224394
0.0057543804573712
0.006917536933958246
0.008130694978594422
0.00953769910224378
0.01083529979500164
0.01192917409889982
0.013148772345500825
0.014375290809119923
0.01562893012324884
0.016789086505752948
0.017862920181177078
0.018963194685785556
0.0010609532714944692
0.00204858424360177
0.0030004940954948545
0.003989885122797521
0.005040718076918749
0.006012068538469251
0.006880775781128445
0.007883767234940553
0.008841477268727083
0.009828748229544493
0.01079569855310658
0.011707767155577864
0.012798201351594152
0.013883275379515725
0.015126754375017093
0.016511077787399353
0.0013178013262495902
0.002555760148638342
0.003838720382271399
0.005146401391147748
0.006462202654675453
0.007759723344924252
0.00905032381815496
0.01039840609401499
0.01182641087624492
0.013290696796251389
0.014699340971332742
0.016002421835948466
0.01737062474279183
0.018700706454154226
0.020031108175552426
0.02141687163309447
0.0014396851485263262
0.002878890281999391
0.004233572764841931
0.005478691811775294
0.006753651794520366
0.007988170509027226
0.009330892616792541
0.010582651871962723
0.011738368115224107
0.012941685851268314
0.014172444447857924
0.015356321574244713
0.016527598305483115
0.017494708634063105
0.018438178221269474
0.019411688750559764
0.0008393863231552778
0.0016505717619306193
0.002513398820187307
0.003370145687769055
0.004183771203065234
0.005179882441113781
0.006157713105883422
0.0071821452320750545
0.008145055428938841
0.0092123688998893
0.010193559670031771
0.011336035498073826
0.012332426744903202
0.013364339105675027
0.01443593271085053
0.015539127307033107
0.0010444327534111508
0.0021065460612843534
0.0031106575502206635
0.004194011524201402
0.005338767423746393
0.006429281622271743
0.007422792778781773
0.008521667239484776
0.009572300187334015
0.010630493372272287
0.011630324726983554
0.012711198623188924
0.013682149072195005
0.014814024567810558
0.015797695415728397
0.016734084780898995
0.001001191397362211
0.0018927393563061834
0.003059095933248379
0.004115849073026867
0.005226923916333837
0.006233555484299824
0.00747955455883087
0.00843054438187174
0.009542779261557666
0.010492689050728643
0.01156588270608161
0.012617235676510852
0.013645787931909625
0.01471858157471817
0.015790735197455774
0.01690725021136652
0.0009853108993498338
0.001967421698344518
0.0029360520745931318
0.003848240680827786
0.004833871590213201
0.00573737992423462
0.006608127230870231
0.007574997551923479
0.008548228072432718
0.009510898261769762
0.010491569015604663
0.011395597365933652
0.012330626688453084
0.01339682012427934
0.01428732805060795
0.01519479650881883
0.0009855509068763535
0.0019181401528751696
0.003062256032348998
0.0039148427694690735
0.004822071220153212
0.005703458860469635
0.006618127544479657
0.007581437753887865
0.008468865583624696
0.00945077637634717
0.010281082414744569
0.011134229169426746
0.012185662142364606
0.013108331077262392
0.014066401122339034
0.015054632113262967
0.000998351308297174
0.002096825756455978
0.0030714163196161604
0.0041477700740699674
0.005176762343267471
0.006306517772397768
0.007400152068769428
0.008568708714705942
0.009908270723370416
0.011329915306144578
0.01254535342228369
0.013794512595915354
0.01508455305158396
0.016319911792433972
0.017534989897283415
0.01886731167889466
0.0013415220701320507
0.0027691668410720904
0.00414044984450701
0.005507412712462578
0.006939097610100919
0.008318220859406145
0.009803347432975507
0.011336955526925374
0.012955406281541126
0.014376090834208766
0.01563545032772251
0.01688892963683375
0.018051806104639745
0.01932804612752692
0.020606566221917033
0.021885566331360407
0.0012404789014182072
0.002383554748276673
0.0036566746733175393
0.004835511641644752
0.006100671317052164
0.007425632867846366
0.008501386603483319
0.009559979800966012
0.010687655164865362
0.011752928571839405
0.012811321763049888
0.014005839223117489
0.015204156802356872
0.016330232116078758
0.017342543862175264
0.018437058186144384
0.0011283553852250439
0.0022970720361792374
0.003497909694448298
0.004735788514327988
